19.448,1.011,1.4927e-16,8.2838e-09
19.497,1.011,-8.7801e-16,8.2007e-09
19.546,1.011,4.2463e-17,8.1166e-09
19.595,1.011,4.7741e-17,8.0332e-09
19.645,1.011,-2.7934e-16,7.9508e-09
19.695,1.0109,-8.5324e-16,7.8696e-09
19.746,1.0109,-1.0624e-15,7.7858e-09
19.797,1.0109,-1.0021e-16,7.7024e-09
19.848,1.0109,-3.0413e-16,7.619e-09
19.902,1.0109,-3.0042e-16,7.5352e-09
19.956,1.0109,7.7621e-17,7.4513e-09
20.011,1.0109,2.4883e-17,7.3652e-09
20.067,1.0108,5.714e-16,7.2789e-09
20.123,1.0108,-5.068e-17,7.1937e-09
20.18,1.0108,-6.1222e-16,7.1097e-09
20.237,1.0108,1.0229e-15,7.027e-09
20.294,1.0108,-3.1357e-17,6.9429e-09
20.354,1.0108,3.9084e-16,6.8545e-09
20.415,1.0108,2.7077e-16,6.7667e-09
20.477,1.0107,-2.3334e-16,6.6802e-09
20.539,1.0107,-3.0874e-16,6.595e-09
20.602,1.0107,5.0852e-16,6.5091e-09
20.666,1.0107,2.8724e-16,6.4211e-09
20.73,1.0107,-1.8896e-16,6.3344e-09
20.795,1.0107,3.2066e-16,6.2485e-09
20.862,1.0107,4.8046e-16,6.1629e-09
20.93,1.0106,8.5748e-17,6.0756e-09
21,1.0106,3.0736e-16,5.9849e-09
21.07,1.0106,4.5814e-16,5.8957e-09
21.141,1.0106,-3.8294e-16,5.8081e-09
21.213,1.0106,-2.0137e-16,5.722e-09
21.285,1.0106,6.9133e-17,5.6372e-09
21.358,1.0106,-2.5866e-16,5.5479e-09
21.435,1.0105,-6.0709e-17,5.4569e-09
21.514,1.0105,9.8059e-17,5.366e-09
21.594,1.0105,-2.858e-16,5.2764e-09
21.675,1.0105,3.0564e-16,5.1888e-09
21.757,1.0105,-4.4335e-16,5.0961e-09
21.84,1.0105,-3.5219e-16,5.0046e-09
21.924,1.0104,3.3984e-16,4.9149e-09
22.008,1.0104,4.7885e-16,4.8272e-09
22.094,1.0104,1.4681e-16,4.7415e-09
22.181,1.0104,7.0662e-16,4.6519e-09
22.269,1.0104,3.0141e-16,4.5622e-09
22.358,1.0104,1.9638e-16,4.4746e-09
22.448,1.0103,6.8042e-16,4.389e-09
22.539,1.0103,-4.3484e-16,4.3057e-09
22.631,1.0103,-4.5292e-16,4.2196e-09
22.727,1.0103,-2.4939e-16,4.1307e-09
22.826,1.0103,5.6198e-16,4.0405e-09
22.929,1.0103,-7.8124e-16,3.9516e-09
23.034,1.0102,-1.5072e-18,3.8654e-09
23.139,1.0102,-1.695e-16,3.7777e-09
23.247,1.0102,-1.7214e-16,3.6871e-09
23.356,1.0102,-2.3084e-16,3.5992e-09
23.466,1.0102,1.9466e-16,3.5141e-09
23.578,1.0102,8.172e-16,3.4319e-09
23.692,1.0101,2.496e-16,3.3498e-09
23.807,1.0101,-3.9261e-16,3.2635e-09
23.916,1.0101,-6.5928e-16,3.1826e-09
24.018,1.0101,2.5275e-16,3.1066e-09
24.114,1.0101,6.5457e-16,3.035e-09
24.203,1.0101,-8.0867e-17,2.966e-09
24.288,1.0101,4.6245e-16,2.8945e-09
24.371,1.01,2.2518e-16,2.8233e-09
24.452,1.01,1.3946e-16,2.7543e-09
24.531,1.01,3.7944e-16,2.6881e-09
24.606,1.01,-3.7546e-16,2.6248e-09
24.678,1.01,7.2426e-17,2.5579e-09
24.747,1.01,-4.4179e-16,2.4937e-09
24.815,1.01,-3.5344e-16,2.4321e-09
24.88,1.01,2.2397e-16,2.373e-09
24.943,1.01,3.3769e-16,2.3162e-09
25.004,1.01,1.0458e-16,2.257e-09
25.063,1.01,4.6631e-16,2.1992e-09
25.12,1.0099,-1.912e-16,2.1436e-09
25.177,1.0099,1.3602e-16,2.09e-09
25.231,1.0099,-1.6377e-16,2.0384e-09
25.284,1.0099,4.8914e-16,1.9855e-09
25.336,1.0099,-3.6699e-17,1.9319e-09
25.389,1.0099,-3.2736e-16,1.8786e-09
25.44,1.0099,-3.8214e-16,1.8269e-09
25.49,1.0099,-4.2989e-16,1.777e-09
25.539,1.0099,-2.5709e-16,1.7266e-09
25.587,1.0099,1.5547e-16,1.6759e-09
25.633,1.0099,-6.34e-17,1.627e-09
25.678,1.0099,8.4123e-16,1.58e-09
25.722,1.0099,2.0365e-16,1.5347e-09
25.765,1.0099,2.691e-16,1.4896e-09
25.807,1.0099,6.668e-16,1.4435e-09
25.847,1.0099,5.3629e-16,1.3992e-09
25.887,1.0099,1.5774e-16,1.3565e-09
25.926,1.0098,-1.0359e-16,1.3154e-09
25.963,1.0098,-4.6376e-16,1.2751e-09
26,1.0098,5.1651e-16,1.2335e-09
26.036,1.0098,1.8264e-16,1.1917e-09
26.071,1.0098,2.1455e-16,1.151e-09
26.106,1.0098,-4.0957e-16,1.1119e-09
26.139,1.0098,-1.6045e-16,1.0741e-09
26.172,1.0098,2.4669e-16,1.0346e-09
26.203,1.0098,-7.4229e-17,9.966e-10
26.233,1.0098,4.9592e-16,9.6021e-10
26.263,1.0098,-7.4763e-16,9.253e-10
26.291,1.0098,2.6255e-16,8.9184e-10
26.319,1.0098,2.5146e-16,8.5709e-10
26.346,1.0098,-1.2867e-16,8.2354e-10
26.371,1.0098,2.9356e-16,7.9149e-10
26.396,1.0098,-1.5739e-16,7.6086e-10
26.42,1.0098,-2.1264e-16,7.3158e-10
26.443,1.0098,6.6564e-16,7.0165e-10
26.465,1.0098,-7.6449e-16,6.718e-10
26.485,1.0098,1.3561e-17,6.4268e-10
26.505,1.0098,-2.2888e-16,6.1474e-10
26.523,1.0098,-3.2945e-16,5.8816e-10
26.54,1.0098,3.1508e-16,5.6146e-10
26.557,1.0098,-3.6053e-16,5.3515e-10
26.572,1.0098,-5.8611e-16,5.1018e-10
26.587,1.0098,-3.6216e-17,4.8648e-10
26.601,1.0098,-3.3608e-17,4.6397e-10
26.613,1.0098,5.4401e-16,4.417e-10
26.625,1.0098,2.295e-16,4.1945e-10
26.636,1.0098,-1.0043e-15,3.9829e-10
26.646,1.0098,1.1857e-16,3.7814e-10
26.655,1.0098,-7.1322e-16,3.5891e-10
26.663,1.0098,-7.2492e-16,3.4014e-10
26.67,1.0098,-2.5445e-16,3.212e-10
26.673,1.0098,7.5241e-16,3.0251e-10
26.675,1.0098,-8.8912e-17,2.8456e-10
26.675,1.0098,3.4267e-16,2.6747e-10
26.674,1.0098,2.0786e-16,2.5106e-10
26.672,1.0098,-6.6732e-17,2.3452e-10
26.669,1.0098,-9.1675e-17,2.189e-10
26.665,1.0098,-1.3016e-16,2.0413e-10
26.661,1.0098,-2.2158e-16,1.9016e-10
26.655,1.0098,-2.0624e-16,1.769e-10
26.648,1.0098,2.4716e-16,1.6384e-10
26.64,1.0098,-5.4599e-18,1.516e-10
26.632,1.0098,3.4913e-16,1.4014e-10
26.622,1.0098,-2.1107e-16,1.2937e-10
26.612,1.0098,-4.5645e-16,1.1923e-10
26.601,1.0098,-3.7868e-16,1.0965e-10
26.585,1.0098,3.9468e-16,1.0056e-10
26.567,1.0098,-2.7403e-17,9.1992e-11
26.546,1.0098,-1.2553e-16,8.4019e-11
26.526,1.0098,4.0437e-16,7.6686e-11
26.505,1.0098,4.0113e-16,6.996e-11
26.484,1.0098,1.2012e-16,6.3829e-11
26.464,1.0098,6.8162e-17,5.8263e-11
26.443,1.0098,-4.7935e-16,5.3229e-11
26.423,1.0098,2.3016e-16,4.869e-11
26.402,1.0098,1.3565e-16,4.4619e-11
26.382,1.0098,-3.2119e-16,4.0986e-11
26.361,1.0098,-3.1633e-16,3.7746e-11
26.34,1.0098,-1.5001e-16,3.4863e-11
26.32,1.0098,-1.9538e-16,3.2305e-11
26.299,1.0098,-5.2127e-16,3.0044e-11
26.278,1.0098,-3.6426e-17,2.805e-11
26.229,1.0098,4.4198e-17,1.3691e-11
26.162,1.0098,2.4891e-16,2.4492e-12
26.085,1.0098,-3.5086e-17,1.4396e-12
26.008,1.0098,7.0109e-17,3.6909e-13
25.932,1.0098,-2.0341e-16,1.8671e-12
25.856,1.0099,7.174e-17,2.5965e-12
25.78,1.0099,-4.8994e-18,2.5322e-12
25.705,1.0099,8.7803e-17,1.6512e-12
25.629,1.0099,6.5778e-16,6.9696e-14
25.555,1.0099,-8.0835e-16,1.6862e-12
25.48,1.0099,-2.1814e-16,2.5359e-12
25.406,1.0099,2.6923e-16,2.597e-12
25.332,1.0099,-1.504e-16,1.8429e-12
25.258,1.0099,3.8648e-16,2.4989e-13
25.184,1.0099,9.5421e-17,1.4873e-12
25.095,1.0099,4.8598e-16,2.6249e-12
24.994,1.01,-2.1624e-16,2.9455e-12
24.888,1.01,-5.1117e-16,2.2532e-12
24.782,1.01,7.961e-17,6.1937e-13
24.676,1.01,-6.9548e-17,1.425e-12
24.571,1.01,1.7024e-16,2.6592e-12
24.466,1.01,-5.466e-16,3.015e-12
24.362,1.01,-9.943e-17,2.4582e-12
24.257,1.0101,4.4092e-16,9.5285e-13
24.154,1.0101,2.4065e-16,1.1744e-12
24.05,1.0101,5.2962e-16,2.5647e-12
23.947,1.0101,1.6908e-16,3.0667e-12
23.844,1.0101,7.1943e-16,2.6472e-12
23.742,1.0101,-4.1271e-17,1.2682e-12
23.64,1.0102,-5.7946e-16,8.9528e-13
23.532,1.0102,-1.9359e-16,2.4831e-12
23.394,1.0102,-3.1219e-16,3.4259e-12
23.241,1.0102,5.7625e-16,3.1321e-12
23.089,1.0102,-2.2237e-16,1.7554e-12
22.938,1.0103,1.6632e-16,6.5972e-13
22.787,1.0103,3.0259e-16,2.5964e-12
22.636,1.0103,4.5059e-16,3.5226e-12
22.486,1.0103,-2.2635e-16,3.3865e-12
22.337,1.0104,1.1731e-16,2.1303e-12
22.188,1.0104,2.3712e-16,2.8503e-13
22.039,1.0104,-6.2898e-16,2.4645e-12
21.891,1.0105,-1.5811e-16,3.6003e-12
21.744,1.0105,-9.7545e-16,3.6344e-12
21.597,1.0105,1.6836e-16,2.5072e-12
21.45,1.0105,1.3823e-16,1.5583e-13
21.304,1.0106,-5.275e-16,2.2928e-12
21.121,1.0106,9.7478e-17,3.8808e-12
20.912,1.0107,2.5394e-16,5.566e-12
20.689,1.0107,-3.8897e-16,4.4516e-12
20.464,1.0108,1.1944e-15,9.7944e-13
20.241,1.0108,7.2532e-16,3.2595e-12
20.018,1.0109,1.7632e-16,5.8156e-12
19.797,1.0109,-4.9139e-16,6.5162e-12
19.576,1.011,-2.9233e-17,5.2263e-12
19.357,1.011,-4.9324e-16,1.8014e-12
19.138,1.0111,-2.2186e-16,2.9513e-12
18.92,1.0112,-2.4024e-16,6.0416e-12
18.703,1.0112,7.0315e-16,7.1381e-12
18.487,1.0113,-6.1326e-16,6.0851e-12
18.272,1.0114,-3.4117e-16,2.7132e-12
18.058,1.0114,1.3282e-15,2.5239e-12
17.835,1.0115,7.4744e-16,6.3133e-12
17.588,1.0116,6.987e-17,8.1719e-12
17.329,1.0117,9.6194e-16,7.4107e-12
17.07,1.0118,3.9266e-16,3.9643e-12
16.811,1.0119,2.3886e-16,2.0824e-12
16.54,1.012,-2.7199e-16,6.9463e-12
16.269,1.0122,-2.5706e-16,9.3293e-12
15.999,1.0123,1.2675e-16,8.9444e-12
15.728,1.0124,3.0549e-16,5.447e-12
15.447,1.0126,5.8203e-16,1.3202e-12
15.168,1.0127,5.3913e-16,7.4713e-12
14.889,1.0129,-2.8805e-16,1.0802e-11
14.608,1.0131,4.7347e-16,1.0827e-11
14.324,1.0133,-1.8119e-16,7.3596e-12
14.039,1.0135,4.5445e-16,1.6496e-13
13.755,1.0137,3.4538e-16,8.0577e-12
13.47,1.0139,-1.7316e-16,1.2513e-11
13.185,1.0141,5.6434e-16,1.3294e-11
12.899,1.0144,2.3824e-16,9.9018e-12
12.615,1.0147,3.4974e-16,1.5531e-12
12.331,1.015,9.5761e-16,8.5275e-12
12.049,1.0153,-6.1398e-17,1.4689e-11
11.767,1.0156,-1.1709e-16,1.6596e-11
11.487,1.016,-2.8477e-16,1.3132e-11
11.209,1.0164,7.4309e-16,3.8753e-12
10.934,1.0168,9.6633e-17,8.8566e-12
10.66,1.0172,9.1151e-17,1.7582e-11
10.389,1.0177,-2.1925e-16,2.0746e-11
10.121,1.0182,-7.9773e-17,1.7222e-11
9.8576,1.0187,-6.3502e-16,7.2038e-12
9.5953,1.0193,-2.8739e-16,9.0593e-12
9.3357,1.0199,-1.8733e-16,2.1042e-11
9.0858,1.0205,4.2679e-16,2.4887e-11
8.8416,1.0212,-4.9818e-16,2.2746e-11
8.5981,1.022,4.1829e-16,1.1719e-11
8.3555,1.0228,4.4887e-16,8.4763e-12
8.1136,1.0236,1.5382e-16,2.5275e-11
7.8769,1.0246,-4.4045e-16,3.3119e-11
7.6501,1.0256,1.602e-16,2.9646e-11
7.4335,1.0266,-8.6809e-17,1.7734e-11
7.2176,1.0277,-2.7774e-17,6.6713e-12
7.0023,1.0289,-7.8754e-16,2.9351e-11
6.7876,1.0302,1.9227e-16,4.2526e-11
6.5788,1.0316,3.972e-16,4.1276e-11
6.3798,1.0331,-3.2586e-16,2.5888e-11
6.1925,1.0346,1.8705e-18,3.1145e-12
6.0058,1.0363,-1.1111e-16,3.369e-11
5.8196,1.0381,-7.4164e-17,5.2663e-11
5.6338,1.0401,2.2078e-16,5.6838e-11
5.4526,1.0423,-3.9489e-16,3.886e-11
5.2836,1.0445,-1.1465e-16,3.2084e-12
5.1256,1.0467,1.0049e-15,3.7941e-11
4.968,1.0492,-2.944e-16,6.4804e-11
4.8107,1.0519,6.3997e-16,7.341e-11
4.6539,1.055,1.9495e-16,5.8791e-11
4.4981,1.0582,-3.8006e-16,1.3599e-11
4.3556,1.0616,-3.2085e-16,4.4694e-11
4.2204,1.0651,-2.5874e-16,1.5593e-11
4.0912,1.0687,-1.1412e-16,3.9488e-16
3.9664,1.0726,4.2351e-16,6.5396e-16
3.8443,1.0768,3.0982e-16,3.2048e-16
3.7273,1.0812,7.1495e-16,-9.627e-17
3.6135,1.0859,3.4609e-16,4.3858e-16
3.5032,1.0909,3.1277e-16,-1.6732e-17
3.3963,1.0962,-4.5668e-16,5.396e-16
3.2926,1.1018,2.3618e-16,7.9077e-16
3.1921,1.1079,7.5418e-16,3.8895e-17
3.0958,1.1142,4.522e-16,1.5616e-16
3.0019,1.121,-4.0281e-16,-3.9625e-16
2.911,1.1282,-1.1561e-16,-8.7079e-16
2.8234,1.1359,6.6431e-16,-1.6158e-16
2.7377,1.1441,3.9791e-16,-1.9268e-16
2.6567,1.1526,-6.7333e-16,1.9803e-16
2.5771,1.1618,8.0954e-16,-6.6124e-16
2.5007,1.1715,3.7207e-16,-6.0009e-11
2.4283,1.1815,-2.0478e-16,-1.3553e-10
2.3584,1.1921,-6.3776e-16,-3.0809e-11
2.2951,1.2025,2.1409e-16,-1.8426e-10
2.232,1.2139,1.6726e-17,-2.7885e-10
2.1687,1.2263,-6.5758e-17,-2.9501e-10
2.1067,1.2396,-1.0782e-16,-1.9825e-10
2.0488,1.2532,-6.3722e-18,-2.2413e-13
