13.604,-24.902,562.34
12.259,-25.59,562.34
27.173,-49.74,560.2
24.487,-51.116,560.2
40.673,-74.452,556.63
36.653,-76.511,556.63
54.07,-98.975,551.65
48.726,-101.71,551.65
67.33,-123.25,545.26
60.675,-126.66,545.26
80.418,-147.2,537.49
72.47,-151.28,537.49
93.302,-170.79,528.35
84.08,-175.51,528.35
105.95,-193.94,517.88
95.477,-199.3,517.88
118.33,-216.6,506.08
106.63,-222.59,506.08
130.4,-238.7,493
-14.91,24.142,562.34
-13.604,24.902,562.34
-29.782,48.223,560.2
-27.173,49.74,560.2
-44.578,72.182,556.63
-40.673,74.452,556.63
-59.261,95.957,551.65
-54.07,98.975,551.65
-73.794,119.49,545.26
-67.33,123.25,545.26
-88.139,142.72,537.49
-80.418,147.2,537.49
-102.26,165.58,528.35
-93.302,170.79,528.35
-116.12,188.02,517.88
-105.95,193.94,517.88
-129.69,209.99,506.08
-118.33,216.6,506.08
-130.4,238.7,493
-16.174,23.315,562.34
-32.306,46.57,560.2
-48.357,69.707,556.63
-64.284,92.667,551.65
-80.049,115.39,545.26
-95.61,137.82,537.49
-110.93,159.9,528.35
-125.96,181.58,517.88
-140.68,202.79,506.08
-148.29,228.02,493
-17.392,22.421,562.34
-34.739,44.785,560.2
-51.998,67.035,556.63
-69.125,89.114,551.65
-86.077,110.97,545.26
-102.81,132.54,537.49
-119.28,153.77,528.35
-135.45,174.62,517.88
-151.27,195.02,506.08
-165.31,216,493
-18.56,21.463,562.34
-37.073,42.872,560.2
-55.492,64.172,556.63
-73.77,85.309,551.65
-91.861,106.23,545.26
-109.72,126.88,537.49
-127.3,147.21,528.35
-144.55,167.16,517.88
-161.44,186.69,506.08
-19.676,20.445,562.34
-39.303,40.838,560.2
-58.829,61.128,556.63
-78.206,81.262,551.65
-97.384,101.19,545.26
-116.31,120.86,537.49
-134.95,140.22,528.35
-153.24,159.23,517.88
-171.14,177.83,506.08
-181.36,202.71,493
-20.737,19.369,562.34
-41.42,38.689,560.2
-61.999,57.91,556.63
-82.42,76.984,551.65
-102.63,95.863,545.26
-122.58,114.5,537.49
-142.22,132.84,528.35
-161.5,150.85,517.88
-180.37,168.47,506.08
-196.35,188.23,493
-21.738,18.238,562.34
-43.421,36.429,560.2
-64.993,54.528,556.63
-86.401,72.489,551.65
-107.59,90.265,545.26
-128.5,107.81,537.49
-149.09,125.08,528.35
-169.3,142.04,517.88
-189.08,158.63,506.08
-22.678,17.055,562.34
-45.298,34.067,560.2
-67.803,50.992,556.63
-90.136,67.788,551.65
-112.24,84.411,545.26
-134.06,100.82,537.49
-155.54,116.97,528.35
-176.62,132.83,517.88
-197.25,148.35,506.08
-210.18,172.65,493
-23.553,15.824,562.34
-47.047,31.608,560.2
-70.421,47.311,556.63
-93.616,62.894,551.65
-116.57,78.318,545.26
-139.23,93.542,537.49
-161.54,108.53,528.35
-183.44,123.24,517.88
-204.87,137.64,506.08
-222.78,156.05,493
-24.362,14.548,562.34
-48.663,29.059,560.2
-72.839,43.496,556.63
-96.831,57.823,551.65
-120.58,72.002,545.26
-144.02,85.999,537.49
-167.09,99.777,528.35
-189.74,113.3,517.88
-211.9,126.54,506.08
-25.102,13.231,562.34
-50.14,26.428,560.2
-75.051,39.558,556.63
-99.771,52.587,551.65
-124.24,65.483,545.26
-148.39,78.212,537.49
-172.16,90.743,528.35
-195.5,103.04,517.88
-218.34,115.08,506.08
-234.07,138.54,493
-25.771,11.876,562.34
-51.476,23.722,560.2
-77.05,35.507,556.63
-102.43,47.203,551.65
-127.55,58.778,545.26
-152.34,70.204,537.49
-176.75,81.452,528.35
-200.71,92.492,517.88
-224.15,103.3,506.08
-243.99,120.22,493
-26.366,10.488,562.34
-52.665,20.949,560.2
-78.831,31.356,556.63
-104.8,41.684,551.65
-130.49,51.906,545.26
-155.86,61.997,537.49
-180.83,71.929,528.35
-205.34,81.679,517.88
-229.33,91.221,506.08
-252.48,101.19,493
-26.887,9.0695,562.34
-53.706,18.116,560.2
-80.388,27.116,556.63
-106.87,36.048,551.65
-133.07,44.888,545.26
-158.94,53.613,537.49
-184.4,62.203,528.35
-209.4,70.635,517.88
-233.86,78.886,506.08
-27.332,7.6256,562.34
-54.594,15.232,560.2
-81.717,22.799,556.63
-108.63,30.309,551.65
-135.27,37.742,545.26
-161.57,45.078,537.49
-187.45,52.3,528.35
-212.86,59.39,517.88
-237.73,66.328,506.08
-259.48,81.564,493
-27.699,6.1602,562.34
-55.327,12.305,560.2
-82.815,18.418,556.63
-110.09,24.484,551.65
-137.09,30.489,545.26
-163.74,36.415,537.49
-189.97,42.25,528.35
-215.72,47.977,517.88
-240.92,53.581,506.08
-264.97,61.462,493
-27.987,4.6773,562.34
-55.903,9.3427,560.2
-83.677,13.984,556.63
-111.24,18.59,551.65
-138.52,23.149,545.26
-165.44,27.649,537.49
-191.95,32.079,528.35
-217.97,36.427,517.88
-243.43,40.683,506.08
-28.197,3.1811,562.34
-56.321,6.3541,560.2
-84.303,9.511,556.63
-112.07,12.644,551.65
-139.55,15.744,545.26
-166.68,18.805,537.49
-193.39,21.818,528.35
-219.6,24.775,517.88
-245.25,27.669,506.08
-268.89,40.998,493
-28.326,1.6759,562.34
-56.58,3.3476,560.2
-84.69,5.0107,556.63
-112.58,6.6612,551.65
-140.19,8.2947,545.26
-167.45,9.9071,537.49
-194.27,11.494,528.35
-220.61,13.052,517.88
-246.38,14.577,506.08
-271.24,20.295,493
-28.375,0.16599,562.34
-56.678,0.33155,560.2
-84.836,0.49627,556.63
-112.78,0.65973,551.65
-140.44,0.82151,545.26
-167.74,0.98121,537.49
-194.61,1.1384,528.35
-220.99,1.2927,517.88
-246.81,1.4437,506.08
-28.344,-1.3444,562.34
-56.615,-2.6854,560.2
-84.743,-4.0196,556.63
-112.65,-5.3436,551.65
-140.28,-6.654,545.26
-167.55,-7.9474,537.49
-194.39,-9.2207,528.35
-220.74,-10.471,517.88
-246.53,-11.694,506.08
-272,-0.52839,493
-28.232,-2.851,562.34
-56.392,-5.6948,560.2
-84.409,-8.5241,556.63
-112.21,-11.332,551.65
-139.73,-14.111,545.26
-166.89,-16.854,537.49
-193.63,-19.554,528.35
-219.87,-22.204,517.88
-245.56,-24.798,506.08
-271.16,-21.348,493
-28.04,-4.3495,562.34
-56.009,-8.688,560.2
-83.835,-13.004,556.63
-111.45,-17.288,551.65
-138.78,-21.527,545.26
-165.76,-25.712,537.49
-192.31,-29.831,528.35
-218.38,-33.875,517.88
-243.89,-37.832,506.08
-27.769,-5.8357,562.34
-55.467,-11.657,560.2
-83.024,-17.448,556.63
-110.37,-23.195,551.65
-137.44,-28.883,545.26
-164.15,-34.497,537.49
-190.45,-40.024,528.35
-216.27,-45.45,517.88
-241.53,-50.759,506.08
-268.73,-42.043,493
-27.419,-7.3054,562.34
-54.768,-14.592,560.2
-81.978,-21.842,556.63
-108.98,-29.036,551.65
-135.7,-36.157,545.26
-162.08,-43.185,537.49
-188.05,-50.104,528.35
-213.54,-56.895,517.88
-238.49,-63.542,506.08
-264.72,-62.491,493
-26.991,-8.7543,562.34
-53.914,-17.486,560.2
-80.699,-26.174,556.63
-107.28,-34.795,551.65
-133.59,-43.328,545.26
-159.56,-51.75,537.49
-185.12,-60.041,528.35
-210.21,-68.18,517.88
-234.77,-76.145,506.08
-259.16,-82.572,493
-26.487,-10.178,562.34
-52.907,-20.331,560.2
-79.192,-30.432,556.63
-105.28,-40.455,551.65
-131.09,-50.376,545.26
-156.58,-60.169,537.49
-181.66,-69.809,528.35
-206.28,-79.271,517.88
-230.38,-88.532,506.08
-25.908,-11.574,562.34
-51.75,-23.118,560.2
-77.46,-34.604,556.63
-102.97,-46.001,551.65
-128.23,-57.282,545.26
-153.15,-68.417,537.49
-177.69,-79.378,528.35
-201.77,-90.138,517.88
-225.35,-100.67,506.08
-252.08,-102.17,493
-25.255,-12.936,562.34
-50.446,-25.839,560.2
-75.509,-38.677,556.63
-100.38,-51.416,551.65
-125,-64.025,545.26
-149.29,-76.471,537.49
-173.21,-88.723,528.35
-196.69,-100.75,517.88
-219.67,-112.52,506.08
-243.52,-121.17,493
-24.531,-14.262,562.34
-48.999,-28.488,560.2
-73.343,-42.641,556.63
-97.501,-56.686,551.65
-121.41,-70.587,545.26
-145.01,-84.308,537.49
-168.24,-97.816,528.35
-191.05,-111.07,517.88
-213.37,-124.05,506.08
-23.737,-15.547,562.34
-47.414,-31.055,560.2
-70.97,-46.484,556.63
-94.346,-61.795,551.65
-117.48,-76.949,545.26
-140.32,-91.907,537.49
-162.8,-106.63,528.35
-184.87,-121.08,517.88
-206.46,-135.23,506.08
-233.53,-139.45,493
-22.876,-16.789,562.34
-45.694,-33.535,560.2
-68.395,-50.195,556.63
-90.923,-66.729,551.65
-113.22,-83.092,545.26
-135.23,-99.245,537.49
-156.89,-115.14,528.35
-178.16,-130.75,517.88
-198.97,-146.03,506.08
-222.17,-156.92,493
-21.95,-17.982,562.34
-43.844,-35.919,560.2
-65.627,-53.764,556.63
-87.243,-71.473,551.65
-108.64,-89,545.26
-129.76,-106.3,537.49
-150.54,-123.33,528.35
-170.95,-140.05,517.88
-190.92,-156.41,506.08
-20.962,-19.125,562.34
-41.87,-38.202,560.2
-62.672,-57.181,556.63
-83.315,-76.015,551.65
-103.75,-94.656,545.26
-123.91,-113.06,537.49
-143.77,-131.17,528.35
-163.25,-148.95,517.88
-182.33,-166.35,506.08
-209.51,-173.47,493
-19.914,-20.214,562.34
-39.778,-40.376,560.2
-59.54,-60.435,556.63
-79.151,-80.341,551.65
-98.561,-100.04,545.26
-117.72,-119.49,537.49
-136.58,-138.63,528.35
-155.09,-157.43,517.88
-173.21,-175.82,506.08
-195.62,-188.99,493
-18.81,-21.245,562.34
-37.572,-42.436,560.2
-56.239,-63.519,556.63
-74.763,-84.44,551.65
-93.097,-105.15,545.26
-111.19,-125.59,537.49
-129.01,-145.71,528.35
-146.5,-165.46,517.88
-163.61,-184.79,506.08
-180.57,-203.41,493
-17.653,-22.216,562.34
-35.261,-44.375,560.2
-52.779,-66.422,556.63
-70.163,-88.3,551.65
-87.369,-109.95,545.26
-104.35,-131.33,537.49
-121.07,-152.37,528.35
-137.48,-173.02,517.88
-153.54,-193.23,506.08
-16.445,-23.124,562.34
-32.849,-46.189,560.2
-49.169,-69.137,556.63
-65.364,-91.909,551.65
-81.393,-114.45,545.26
-97.215,-136.69,537.49
-112.79,-158.59,528.35
-128.08,-180.09,517.88
-143.04,-201.13,506.08
-164.47,-216.64,493
-15.191,-23.966,562.34
-30.344,-47.872,560.2
-45.42,-71.656,556.63
-60.38,-95.257,551.65
-75.187,-118.62,545.26
-89.802,-141.68,537.49
-104.19,-164.37,528.35
-118.31,-186.65,517.88
-132.13,-208.46,506.08
-147.41,-228.59,493
-13.894,-24.741,562.34
-27.753,-49.419,560.2
-41.542,-73.971,556.63
-55.225,-98.336,551.65
-68.767,-122.45,545.26
-82.135,-146.25,537.49
-95.294,-169.69,528.35
-108.21,-192.69,517.88
-120.85,-215.2,506.08
-12.558,-25.445,562.34
-25.084,-50.826,560.2
-37.546,-76.077,556.63
-49.913,-101.14,551.65
-62.153,-125.94,545.26
-74.235,-150.42,537.49
-86.128,-174.52,528.35
-97.802,-198.17,517.88
-109.23,-221.32,506.08
-129.48,-239.21,493
-11.186,-26.078,562.34
-22.343,-52.089,560.2
-33.444,-77.968,556.63
-44.459,-103.65,551.65
-55.362,-129.07,545.26
-66.124,-154.16,537.49
-76.718,-178.85,528.35
-87.117,-203.1,517.88
-97.294,-226.82,506.08
-110.78,-248.42,493
-9.782,-26.636,562.34
-19.539,-53.204,560.2
-29.247,-79.637,556.63
-38.88,-105.87,551.65
-48.414,-131.83,545.26
-57.826,-157.46,537.49
-67.09,-182.68,528.35
-76.184,-207.45,517.88
-85.084,-231.68,506.08
-8.3505,-27.119,562.34
-16.68,-54.169,560.2
-24.967,-81.081,556.63
-33.19,-107.79,551.65
-41.329,-134.22,545.26
-49.363,-160.31,537.49
-57.272,-185.99,528.35
-65.035,-211.21,517.88
-72.633,-235.88,506.08
-91.443,-256.17,493
-6.8954,-27.525,562.34
-13.773,-54.98,560.2
-20.616,-82.295,556.63
-27.406,-109.4,551.65
-34.127,-136.23,545.26
-40.761,-162.71,537.49
-47.292,-188.78,528.35
-53.702,-214.37,517.88
-59.976,-239.41,506.08
-71.565,-262.42,493
-5.4207,-27.853,562.34
-10.828,-55.635,560.2
-16.207,-83.275,556.63
-21.545,-110.7,551.65
-26.829,-137.85,545.26
-32.044,-164.65,537.49
-37.178,-191.03,528.35
-42.217,-216.92,517.88
-47.149,-242.26,506.08
-3.9306,-28.102,562.34
-7.8512,-56.132,560.2
-11.752,-84.02,556.63
-15.623,-111.69,551.65
-19.454,-139.08,545.26
-23.235,-166.12,537.49
-26.958,-192.74,528.35
-30.612,-218.86,517.88
-34.188,-244.43,506.08
-51.268,-267.12,493
-2.4294,-28.271,562.34
-4.8526,-56.471,560.2
-7.2635,-84.526,556.63
-9.6559,-112.37,551.65
-12.024,-139.92,545.26
-14.361,-167.12,537.49
-16.662,-193.9,528.35
-18.92,-220.18,517.88
-21.131,-245.9,506.08
-30.669,-270.27,493
-0.92128,-28.36,562.34
-1.8402,-56.649,560.2
-2.7545,-84.793,556.63
-3.6617,-112.72,551.65
-4.5597,-140.36,545.26
-5.4461,-167.65,537.49
-6.3186,-194.51,528.35
-7.1751,-220.88,517.88
-8.0133,-246.68,506.08
-9.8903,-271.82,493
0.58943,-28.369,562.34
1.1774,-56.666,560.2
1.7623,-84.82,556.63
2.3428,-112.76,551.65
2.9173,-140.41,545.26
3.4844,-167.7,537.49
4.0426,-194.57,528.35
4.5906,-220.94,517.88
5.1269,-246.76,506.08
2.0985,-28.298,562.34
4.1916,-56.523,560.2
6.2741,-84.606,556.63
8.3406,-112.47,551.65
10.386,-140.05,545.26
12.405,-167.28,537.49
14.392,-194.08,528.35
16.343,-220.39,517.88
18.252,-246.13,506.08
10.946,-271.78,493
3.6016,-28.146,562.34
7.194,-56.22,560.2
10.768,-84.152,556.63
14.315,-111.87,551.65
17.825,-139.3,545.26
21.29,-166.38,537.49
24.701,-193.04,528.35
28.049,-219.2,517.88
31.326,-244.81,506.08
31.719,-270.14,493
5.0944,-27.914,562.34
10.176,-55.758,560.2
15.232,-83.459,556.63
20.248,-110.95,551.65
25.214,-138.16,545.26
30.115,-165.01,537.49
34.94,-191.45,528.35
39.676,-217.4,517.88
44.312,-242.8,506.08
6.5729,-27.604,562.34
13.129,-55.137,560.2
19.652,-82.53,556.63
26.125,-109.71,551.65
32.531,-136.62,545.26
38.855,-163.18,537.49
45.08,-189.32,528.35
51.191,-214.98,517.88
57.171,-240.1,506.08
52.305,-266.92,493
8.0327,-27.215,562.34
16.045,-54.36,560.2
24.016,-81.368,556.63
31.927,-108.17,551.65
39.756,-134.69,545.26
47.485,-160.88,537.49
55.092,-186.65,528.35
62.56,-211.95,517.88
69.868,-236.71,506.08
72.584,-262.14,493
9.4697,-26.749,562.34
18.915,-53.429,560.2
28.313,-79.974,556.63
37.639,-106.32,551.65
46.869,-132.39,545.26
55.979,-158.12,537.49
64.948,-183.46,528.35
73.752,-208.32,517.88
82.368,-232.66,506.08
10.88,-26.207,562.34
21.732,-52.347,560.2
32.529,-78.354,556.63
43.244,-104.16,551.65
53.848,-129.7,545.26
64.316,-154.92,537.49
74.62,-179.74,528.35
84.734,-204.1,517.88
94.634,-227.95,506.08
92.438,-255.81,493
111.75,-247.98,493
-1.3641e-13,2.4969e-13,563.06
-12.259,25.59,562.34
-24.487,51.116,560.2
-36.653,76.511,556.63
-48.726,101.71,551.65
-60.675,126.66,545.26
-72.47,151.28,537.49
-84.08,175.51,528.35
-95.477,199.3,517.88
-106.63,222.59,506.08
14.91,-24.142,562.34
29.782,-48.223,560.2
44.578,-72.182,556.63
59.261,-95.957,551.65
73.794,-119.49,545.26
88.139,-142.72,537.49
102.26,-165.58,528.35
116.12,-188.02,517.88
129.69,-209.99,506.08
16.174,-23.315,562.34
32.306,-46.57,560.2
48.357,-69.707,556.63
64.284,-92.667,551.65
80.049,-115.39,545.26
95.61,-137.82,537.49
110.93,-159.9,528.35
125.96,-181.58,517.88
140.68,-202.79,506.08
148.29,-228.02,493
17.392,-22.421,562.34
34.739,-44.785,560.2
51.998,-67.035,556.63
69.125,-89.114,551.65
86.077,-110.97,545.26
102.81,-132.54,537.49
119.28,-153.77,528.35
135.45,-174.62,517.88
151.27,-195.02,506.08
165.31,-216,493
18.56,-21.463,562.34
37.073,-42.872,560.2
55.492,-64.172,556.63
73.77,-85.309,551.65
91.861,-106.23,545.26
109.72,-126.88,537.49
127.3,-147.21,528.35
144.55,-167.16,517.88
161.44,-186.69,506.08
19.676,-20.445,562.34
39.303,-40.838,560.2
58.829,-61.128,556.63
78.206,-81.262,551.65
97.384,-101.19,545.26
116.31,-120.86,537.49
134.95,-140.22,528.35
153.24,-159.23,517.88
171.14,-177.83,506.08
181.36,-202.71,493
20.737,-19.369,562.34
41.42,-38.689,560.2
61.999,-57.91,556.63
82.42,-76.984,551.65
102.63,-95.863,545.26
122.58,-114.5,537.49
142.22,-132.84,528.35
161.5,-150.85,517.88
180.37,-168.47,506.08
196.35,-188.23,493
21.738,-18.238,562.34
43.421,-36.429,560.2
64.993,-54.528,556.63
86.401,-72.489,551.65
107.59,-90.265,545.26
128.5,-107.81,537.49
149.09,-125.08,528.35
169.3,-142.04,517.88
189.08,-158.63,506.08
22.678,-17.055,562.34
45.298,-34.067,560.2
67.803,-50.992,556.63
90.136,-67.788,551.65
112.24,-84.411,545.26
134.06,-100.82,537.49
155.54,-116.97,528.35
176.62,-132.83,517.88
197.25,-148.35,506.08
210.18,-172.65,493
23.553,-15.824,562.34
47.047,-31.608,560.2
70.421,-47.311,556.63
93.616,-62.894,551.65
116.57,-78.318,545.26
139.23,-93.542,537.49
161.54,-108.53,528.35
183.44,-123.24,517.88
204.87,-137.64,506.08
222.78,-156.05,493
24.362,-14.548,562.34
48.663,-29.059,560.2
72.839,-43.496,556.63
96.831,-57.823,551.65
120.58,-72.002,545.26
144.02,-85.999,537.49
167.09,-99.777,528.35
189.74,-113.3,517.88
211.9,-126.54,506.08
25.102,-13.231,562.34
50.14,-26.428,560.2
75.051,-39.558,556.63
99.771,-52.587,551.65
124.24,-65.483,545.26
148.39,-78.212,537.49
172.16,-90.743,528.35
195.5,-103.04,517.88
218.34,-115.08,506.08
234.07,-138.54,493
25.771,-11.876,562.34
51.476,-23.722,560.2
77.05,-35.507,556.63
102.43,-47.203,551.65
127.55,-58.778,545.26
152.34,-70.204,537.49
176.75,-81.452,528.35
200.71,-92.492,517.88
224.15,-103.3,506.08
243.99,-120.22,493
26.366,-10.488,562.34
52.665,-20.949,560.2
78.831,-31.356,556.63
104.8,-41.684,551.65
130.49,-51.906,545.26
155.86,-61.997,537.49
180.83,-71.929,528.35
205.34,-81.679,517.88
229.33,-91.221,506.08
252.48,-101.19,493
26.887,-9.0695,562.34
53.706,-18.116,560.2
80.388,-27.116,556.63
106.87,-36.048,551.65
133.07,-44.888,545.26
158.94,-53.613,537.49
184.4,-62.203,528.35
209.4,-70.635,517.88
233.86,-78.886,506.08
27.332,-7.6256,562.34
54.594,-15.232,560.2
81.717,-22.799,556.63
108.63,-30.309,551.65
135.27,-37.742,545.26
161.57,-45.078,537.49
187.45,-52.3,528.35
212.86,-59.39,517.88
237.73,-66.328,506.08
259.48,-81.564,493
27.699,-6.1602,562.34
55.327,-12.305,560.2
82.815,-18.418,556.63
110.09,-24.484,551.65
137.09,-30.489,545.26
163.74,-36.415,537.49
189.97,-42.25,528.35
215.72,-47.977,517.88
240.92,-53.581,506.08
264.97,-61.462,493
27.987,-4.6773,562.34
55.903,-9.3427,560.2
83.677,-13.984,556.63
111.24,-18.59,551.65
138.52,-23.149,545.26
165.44,-27.649,537.49
191.95,-32.079,528.35
217.97,-36.427,517.88
243.43,-40.683,506.08
28.197,-3.1811,562.34
56.321,-6.3541,560.2
84.303,-9.511,556.63
112.07,-12.644,551.65
139.55,-15.744,545.26
166.68,-18.805,537.49
193.39,-21.818,528.35
219.6,-24.775,517.88
245.25,-27.669,506.08
268.89,-40.998,493
28.326,-1.6759,562.34
56.58,-3.3476,560.2
84.69,-5.0107,556.63
112.58,-6.6612,551.65
140.19,-8.2947,545.26
167.45,-9.9071,537.49
194.27,-11.494,528.35
220.61,-13.052,517.88
246.38,-14.577,506.08
271.24,-20.295,493
28.375,-0.16599,562.34
56.678,-0.33155,560.2
84.836,-0.49627,556.63
112.78,-0.65973,551.65
140.44,-0.82151,545.26
167.74,-0.98121,537.49
194.61,-1.1384,528.35
220.99,-1.2927,517.88
246.81,-1.4437,506.08
28.344,1.3444,562.34
56.615,2.6854,560.2
84.743,4.0196,556.63
112.65,5.3436,551.65
140.28,6.654,545.26
167.55,7.9474,537.49
194.39,9.2207,528.35
220.74,10.471,517.88
246.53,11.694,506.08
272,0.52839,493
28.232,2.851,562.34
56.392,5.6948,560.2
84.409,8.5241,556.63
112.21,11.332,551.65
139.73,14.111,545.26
166.89,16.854,537.49
193.63,19.554,528.35
219.87,22.204,517.88
245.56,24.798,506.08
271.16,21.348,493
28.04,4.3495,562.34
56.009,8.688,560.2
83.835,13.004,556.63
111.45,17.288,551.65
138.78,21.527,545.26
165.76,25.712,537.49
192.31,29.831,528.35
218.38,33.875,517.88
243.89,37.832,506.08
27.769,5.8357,562.34
55.467,11.657,560.2
83.024,17.448,556.63
110.37,23.195,551.65
137.44,28.883,545.26
164.15,34.497,537.49
190.45,40.024,528.35
216.27,45.45,517.88
241.53,50.759,506.08
268.73,42.043,493
27.419,7.3054,562.34
54.768,14.592,560.2
81.978,21.842,556.63
108.98,29.036,551.65
135.7,36.157,545.26
162.08,43.185,537.49
188.05,50.104,528.35
213.54,56.895,517.88
238.49,63.542,506.08
264.72,62.491,493
26.991,8.7543,562.34
53.914,17.486,560.2
80.699,26.174,556.63
107.28,34.795,551.65
133.59,43.328,545.26
159.56,51.75,537.49
185.12,60.041,528.35
210.21,68.18,517.88
234.77,76.145,506.08
259.16,82.572,493
26.487,10.178,562.34
52.907,20.331,560.2
79.192,30.432,556.63
105.28,40.455,551.65
131.09,50.376,545.26
156.58,60.169,537.49
181.66,69.809,528.35
206.28,79.271,517.88
230.38,88.532,506.08
25.908,11.574,562.34
51.75,23.118,560.2
77.46,34.604,556.63
102.97,46.001,551.65
128.23,57.282,545.26
153.15,68.417,537.49
177.69,79.378,528.35
201.77,90.138,517.88
225.35,100.67,506.08
252.08,102.17,493
25.255,12.936,562.34
50.446,25.839,560.2
75.509,38.677,556.63
100.38,51.416,551.65
125,64.025,545.26
149.29,76.471,537.49
173.21,88.723,528.35
196.69,100.75,517.88
219.67,112.52,506.08
243.52,121.17,493
24.531,14.262,562.34
48.999,28.488,560.2
73.343,42.641,556.63
97.501,56.686,551.65
121.41,70.587,545.26
145.01,84.308,537.49
168.24,97.816,528.35
191.05,111.07,517.88
213.37,124.05,506.08
23.737,15.547,562.34
47.414,31.055,560.2
70.97,46.484,556.63
94.346,61.795,551.65
117.48,76.949,545.26
140.32,91.907,537.49
162.8,106.63,528.35
184.87,121.08,517.88
206.46,135.23,506.08
233.53,139.45,493
22.876,16.789,562.34
45.694,33.535,560.2
68.395,50.195,556.63
90.923,66.729,551.65
113.22,83.092,545.26
135.23,99.245,537.49
156.89,115.14,528.35
178.16,130.75,517.88
198.97,146.03,506.08
222.17,156.92,493
21.95,17.982,562.34
43.844,35.919,560.2
65.627,53.764,556.63
87.243,71.473,551.65
108.64,89,545.26
129.76,106.3,537.49
150.54,123.33,528.35
170.95,140.05,517.88
190.92,156.41,506.08
20.962,19.125,562.34
41.87,38.202,560.2
62.672,57.181,556.63
83.315,76.015,551.65
103.75,94.656,545.26
123.91,113.06,537.49
143.77,131.17,528.35
163.25,148.95,517.88
182.33,166.35,506.08
209.51,173.47,493
19.914,20.214,562.34
39.778,40.376,560.2
59.54,60.435,556.63
79.151,80.341,551.65
98.561,100.04,545.26
117.72,119.49,537.49
136.58,138.63,528.35
155.09,157.43,517.88
173.21,175.82,506.08
195.62,188.99,493
18.81,21.245,562.34
37.572,42.436,560.2
56.239,63.519,556.63
74.763,84.44,551.65
93.097,105.15,545.26
111.19,125.59,537.49
129.01,145.71,528.35
146.5,165.46,517.88
163.61,184.79,506.08
180.57,203.41,493
17.653,22.216,562.34
35.261,44.375,560.2
52.779,66.422,556.63
70.163,88.3,551.65
87.369,109.95,545.26
104.35,131.33,537.49
121.07,152.37,528.35
137.48,173.02,517.88
153.54,193.23,506.08
16.445,23.124,562.34
32.849,46.189,560.2
49.169,69.137,556.63
65.364,91.909,551.65
81.393,114.45,545.26
97.215,136.69,537.49
112.79,158.59,528.35
128.08,180.09,517.88
143.04,201.13,506.08
164.47,216.64,493
15.191,23.966,562.34
30.344,47.872,560.2
45.42,71.656,556.63
60.38,95.257,551.65
75.187,118.62,545.26
89.802,141.68,537.49
104.19,164.37,528.35
118.31,186.65,517.88
132.13,208.46,506.08
147.41,228.59,493
13.894,24.741,562.34
27.753,49.419,560.2
41.542,73.971,556.63
55.225,98.336,551.65
68.767,122.45,545.26
82.135,146.25,537.49
95.294,169.69,528.35
108.21,192.69,517.88
120.85,215.2,506.08
12.558,25.445,562.34
25.084,50.826,560.2
37.546,76.077,556.63
49.913,101.14,551.65
62.153,125.94,545.26
74.235,150.42,537.49
86.128,174.52,528.35
97.802,198.17,517.88
109.23,221.32,506.08
129.48,239.21,493
11.186,26.078,562.34
22.343,52.089,560.2
33.444,77.968,556.63
44.459,103.65,551.65
55.362,129.07,545.26
66.124,154.16,537.49
76.718,178.85,528.35
87.117,203.1,517.88
97.294,226.82,506.08
110.78,248.42,493
9.782,26.636,562.34
19.539,53.204,560.2
29.247,79.637,556.63
38.88,105.87,551.65
48.414,131.83,545.26
57.826,157.46,537.49
67.09,182.68,528.35
76.184,207.45,517.88
85.084,231.68,506.08
8.3505,27.119,562.34
16.68,54.169,560.2
24.967,81.081,556.63
33.19,107.79,551.65
41.329,134.22,545.26
49.363,160.31,537.49
57.272,185.99,528.35
65.035,211.21,517.88
72.633,235.88,506.08
91.443,256.17,493
6.8954,27.525,562.34
13.773,54.98,560.2
20.616,82.295,556.63
27.406,109.4,551.65
34.127,136.23,545.26
40.761,162.71,537.49
47.292,188.78,528.35
53.702,214.37,517.88
59.976,239.41,506.08
71.565,262.42,493
5.4207,27.853,562.34
10.828,55.635,560.2
16.207,83.275,556.63
21.545,110.7,551.65
26.829,137.85,545.26
32.044,164.65,537.49
37.178,191.03,528.35
42.217,216.92,517.88
47.149,242.26,506.08
3.9306,28.102,562.34
7.8512,56.132,560.2
11.752,84.02,556.63
15.623,111.69,551.65
19.454,139.08,545.26
23.235,166.12,537.49
26.958,192.74,528.35
30.612,218.86,517.88
34.188,244.43,506.08
51.268,267.12,493
2.4294,28.271,562.34
4.8526,56.471,560.2
7.2635,84.526,556.63
9.6559,112.37,551.65
12.024,139.92,545.26
14.361,167.12,537.49
16.662,193.9,528.35
18.92,220.18,517.88
21.131,245.9,506.08
30.669,270.27,493
0.92128,28.36,562.34
1.8402,56.649,560.2
2.7545,84.793,556.63
3.6617,112.72,551.65
4.5597,140.36,545.26
5.4461,167.65,537.49
6.3186,194.51,528.35
7.1751,220.88,517.88
8.0133,246.68,506.08
9.8903,271.82,493
-0.58943,28.369,562.34
-1.1774,56.666,560.2
-1.7623,84.82,556.63
-2.3428,112.76,551.65
-2.9173,140.41,545.26
-3.4844,167.7,537.49
-4.0426,194.57,528.35
-4.5906,220.94,517.88
-5.1269,246.76,506.08
-2.0985,28.298,562.34
-4.1916,56.523,560.2
-6.2741,84.606,556.63
-8.3406,112.47,551.65
-10.386,140.05,545.26
-12.405,167.28,537.49
-14.392,194.08,528.35
-16.343,220.39,517.88
-18.252,246.13,506.08
-10.946,271.78,493
-3.6016,28.146,562.34
-7.194,56.22,560.2
-10.768,84.152,556.63
-14.315,111.87,551.65
-17.825,139.3,545.26
-21.29,166.38,537.49
-24.701,193.04,528.35
-28.049,219.2,517.88
-31.326,244.81,506.08
-31.719,270.14,493
-5.0944,27.914,562.34
-10.176,55.758,560.2
-15.232,83.459,556.63
-20.248,110.95,551.65
-25.214,138.16,545.26
-30.115,165.01,537.49
-34.94,191.45,528.35
-39.676,217.4,517.88
-44.312,242.8,506.08
-6.5729,27.604,562.34
-13.129,55.137,560.2
-19.652,82.53,556.63
-26.125,109.71,551.65
-32.531,136.62,545.26
-38.855,163.18,537.49
-45.08,189.32,528.35
-51.191,214.98,517.88
-57.171,240.1,506.08
-52.305,266.92,493
-8.0327,27.215,562.34
-16.045,54.36,560.2
-24.016,81.368,556.63
-31.927,108.17,551.65
-39.756,134.69,545.26
-47.485,160.88,537.49
-55.092,186.65,528.35
-62.56,211.95,517.88
-69.868,236.71,506.08
-72.584,262.14,493
-9.4697,26.749,562.34
-18.915,53.429,560.2
-28.313,79.974,556.63
-37.639,106.32,551.65
-46.869,132.39,545.26
-55.979,158.12,537.49
-64.948,183.46,528.35
-73.752,208.32,517.88
-82.368,232.66,506.08
-10.88,26.207,562.34
-21.732,52.347,560.2
-32.529,78.354,556.63
-43.244,104.16,551.65
-53.848,129.7,545.26
-64.316,154.92,537.49
-74.62,179.74,528.35
-84.734,204.1,517.88
-94.634,227.95,506.08
-92.438,255.81,493
-111.75,247.98,493
271.93,-715.04,5.6843e-14
304.19,-701.92,5.6843e-14
260.98,-686.24,30.812
291.94,-673.65,30.812
250.02,-657.44,61.625
279.69,-645.38,61.625
239.07,-628.64,92.438
267.44,-617.11,92.438
228.12,-599.84,123.25
255.18,-588.83,123.25
217.17,-571.04,154.06
242.93,-560.56,154.06
206.21,-542.24,184.88
230.68,-532.29,184.88
195.26,-513.44,215.69
218.43,-504.02,215.69
184.31,-484.64,246.5
206.17,-475.75,246.5
173.35,-455.84,277.31
193.92,-447.47,277.31
162.4,-427.04,308.12
181.67,-419.2,308.12
151.45,-398.24,338.94
169.42,-390.93,338.94
140.5,-369.44,369.75
157.17,-362.66,369.75
129.54,-340.64,400.56
144.91,-334.39,400.56
118.59,-311.84,431.38
132.66,-306.12,431.38
107.64,-283.04,462.19
120.41,-277.84,462.19
205.78,-736.8,5.6843e-14
239.1,-726.67,5.6843e-14
197.49,-707.13,30.812
229.47,-697.41,30.812
189.2,-677.45,61.625
219.84,-668.14,61.625
180.92,-647.77,92.438
210.21,-638.87,92.438
172.63,-618.1,123.25
200.58,-609.6,123.25
164.34,-588.42,154.06
190.95,-580.33,154.06
156.05,-558.74,184.88
181.32,-551.06,184.88
147.76,-529.07,215.69
171.69,-521.79,215.69
139.47,-499.39,246.5
162.06,-492.52,246.5
131.18,-469.71,277.31
152.43,-463.25,277.31
122.9,-440.04,308.12
142.8,-433.99,308.12
114.61,-410.36,338.94
133.17,-404.72,338.94
106.32,-380.68,369.75
123.54,-375.45,369.75
98.031,-351.01,400.56
113.91,-346.18,400.56
89.743,-321.33,431.38
104.28,-316.91,431.38
81.455,-291.65,462.19
94.645,-287.64,462.19
103.54,-757.96,5.6843e-14
137.93,-752.46,5.6843e-14
99.365,-727.43,30.812
132.37,-722.16,30.812
95.195,-696.9,61.625
126.82,-691.85,61.625
91.025,-666.37,92.438
121.26,-661.54,92.438
86.855,-635.85,123.25
115.71,-631.23,123.25
82.685,-605.32,154.06
110.15,-600.93,154.06
78.515,-574.79,184.88
104.59,-570.62,184.88
74.344,-544.26,215.69
99.039,-540.31,215.69
70.174,-513.73,246.5
93.484,-510,246.5
66.004,-483.2,277.31
87.928,-479.7,277.31
61.834,-452.67,308.12
82.373,-449.39,308.12
57.664,-422.14,338.94
76.817,-419.08,338.94
53.493,-391.61,369.75
71.262,-388.77,369.75
49.323,-361.08,400.56
65.707,-358.47,400.56
45.153,-330.56,431.38
60.151,-328.16,431.38
40.983,-300.03,462.19
54.596,-297.85,462.19
34.182,-764.24,5.6843e-14
68.93,-761.89,5.6843e-14
32.805,-733.45,30.812
66.154,-731.2,30.812
31.428,-702.67,61.625
63.377,-700.51,61.625
30.051,-671.89,92.438
60.601,-669.83,92.438
28.675,-641.11,123.25
57.825,-639.14,123.25
27.298,-610.33,154.06
55.048,-608.45,154.06
25.921,-579.55,184.88
52.272,-577.77,184.88
24.544,-548.76,215.69
49.496,-547.08,215.69
23.168,-517.98,246.5
46.719,-516.39,246.5
21.791,-487.2,277.31
43.943,-485.7,277.31
20.414,-456.42,308.12
41.167,-455.02,308.12
19.037,-425.64,338.94
38.39,-424.33,338.94
17.66,-394.86,369.75
35.614,-393.64,369.75
16.284,-364.07,400.56
32.838,-362.96,400.56
14.907,-333.29,431.38
30.061,-332.27,431.38
13.53,-302.51,462.19
27.285,-301.58,462.19
-70.2,-761.77,5.6843e-14
-35.456,-764.18,5.6843e-14
-67.373,-731.09,30.812
-34.028,-733.4,30.812
-64.545,-700.41,61.625
-32.6,-702.62,61.625
-61.718,-669.72,92.438
-31.171,-671.84,92.438
-58.89,-639.04,123.25
-29.743,-641.06,123.25
-56.063,-608.36,154.06
-28.315,-610.28,154.06
-53.235,-577.68,184.88
-26.887,-579.5,184.88
-50.408,-546.99,215.69
-25.459,-548.72,215.69
-47.58,-516.31,246.5
-24.031,-517.94,246.5
-44.753,-485.63,277.31
-22.603,-487.16,277.31
-41.925,-454.95,308.12
-21.175,-456.38,308.12
-39.098,-424.26,338.94
-19.747,-425.6,338.94
-36.27,-393.58,369.75
-18.319,-394.83,369.75
-33.443,-362.9,400.56
-16.891,-364.05,400.56
-30.615,-332.22,431.38
-15.463,-333.27,431.38
-27.788,-301.53,462.19
-14.035,-302.49,462.19
-139.18,-752.23,5.6843e-14
-104.8,-757.79,5.6843e-14
-133.58,-721.93,30.812
-100.58,-727.27,30.812
-127.97,-691.64,61.625
-96.357,-696.74,61.625
-122.36,-661.34,92.438
-92.136,-666.22,92.438
-116.76,-631.04,123.25
-87.915,-635.7,123.25
-111.15,-600.74,154.06
-83.694,-605.18,154.06
-105.55,-570.44,184.88
-79.473,-574.66,184.88
-99.94,-540.14,215.69
-75.252,-544.13,215.69
-94.334,-509.85,246.5
-71.031,-513.61,246.5
-88.728,-479.55,277.31
-66.81,-483.09,277.31
-83.122,-449.25,308.12
-62.588,-452.57,308.12
-77.516,-418.95,338.94
-58.367,-422.05,338.94
-71.91,-388.65,369.75
-54.146,-391.52,369.75
-66.304,-358.36,400.56
-49.925,-361,400.56
-60.698,-328.06,431.38
-45.704,-330.48,431.38
-55.092,-297.76,462.19
-41.483,-299.96,462.19
-240.31,-726.27,5.6843e-14
-207.01,-736.46,5.6843e-14
-230.63,-697.02,30.812
-198.67,-706.8,30.812
-220.96,-667.77,61.625
-190.33,-677.13,61.625
-211.28,-638.52,92.438
-181.99,-647.47,92.438
-201.6,-609.26,123.25
-173.66,-617.81,123.25
-191.92,-580.01,154.06
-165.32,-588.14,154.06
-182.24,-550.76,184.88
-156.98,-558.48,184.88
-172.56,-521.51,215.69
-148.64,-528.82,215.69
-162.88,-492.25,246.5
-140.31,-499.16,246.5
-153.2,-463,277.31
-131.97,-469.49,277.31
-143.52,-433.75,308.12
-123.63,-439.83,308.12
-133.84,-404.49,338.94
-115.29,-410.17,338.94
-124.16,-375.24,369.75
-106.95,-380.5,369.75
-114.48,-345.99,400.56
-98.617,-350.84,400.56
-104.8,-316.74,431.38
-90.279,-321.18,431.38
-95.124,-287.48,462.19
-81.941,-291.52,462.19
-305.36,-701.41,5.6843e-14
-273.12,-714.58,5.6843e-14
-293.06,-673.16,30.812
-262.12,-685.8,30.812
-280.76,-644.91,61.625
-251.12,-657.02,61.625
-268.46,-616.66,92.438
-240.12,-628.24,92.438
-256.16,-588.41,123.25
-229.12,-599.46,123.25
-243.87,-560.16,154.06
-218.12,-570.67,154.06
-231.57,-531.9,184.88
-207.12,-541.89,184.88
-219.27,-503.65,215.69
-196.12,-513.11,215.69
-206.97,-475.4,246.5
-185.12,-484.33,246.5
-194.67,-447.15,277.31
-174.11,-455.55,277.31
-182.37,-418.9,308.12
-163.11,-426.77,308.12
-170.07,-390.65,338.94
-152.11,-397.98,338.94
-157.77,-362.4,369.75
-141.11,-369.2,369.75
-145.47,-334.15,400.56
-130.11,-340.42,400.56
-133.17,-305.89,431.38
-119.11,-311.64,431.38
-120.87,-277.64,462.19
-108.11,-282.86,462.19
-398.03,-653.3,5.6843e-14
-367.88,-670.74,5.6843e-14
-381.99,-626.99,30.812
-353.06,-643.72,30.812
-365.96,-600.67,61.625
-338.24,-616.71,61.625
-349.93,-574.36,92.438
-323.43,-589.69,92.438
-333.9,-548.05,123.25
-308.61,-562.67,123.25
-317.87,-521.73,154.06
-293.79,-535.66,154.06
-301.84,-495.42,184.88
-278.98,-508.64,184.88
-285.81,-469.11,215.69
-264.16,-481.63,215.69
-269.77,-442.79,246.5
-249.34,-454.61,246.5
-253.74,-416.48,277.31
-234.52,-427.6,277.31
-237.71,-390.16,308.12
-219.71,-400.58,308.12
-221.68,-363.85,338.94
-204.89,-373.56,338.94
-205.65,-337.54,369.75
-190.07,-346.55,369.75
-189.62,-311.22,400.56
-175.25,-319.53,400.56
-173.58,-284.91,431.38
-160.44,-292.52,431.38
-157.55,-258.6,462.19
-145.62,-265.5,462.19
-455.79,-614.4,5.6843e-14
-427.35,-634.51,5.6843e-14
-437.43,-589.65,30.812
-410.14,-608.95,30.812
-419.07,-564.9,61.625
-392.92,-583.39,61.625
-400.71,-540.16,92.438
-375.71,-557.84,92.438
-382.35,-515.41,123.25
-358.5,-532.28,123.25
-363.99,-490.67,154.06
-341.29,-506.72,154.06
-345.64,-465.92,184.88
-324.07,-481.17,184.88
-327.28,-441.17,215.69
-306.86,-455.61,215.69
-308.92,-416.43,246.5
-289.65,-430.05,246.5
-290.56,-391.68,277.31
-272.43,-404.5,277.31
-272.2,-366.93,308.12
-255.22,-378.94,308.12
-253.85,-342.19,338.94
-238.01,-353.38,338.94
-235.49,-317.44,369.75
-220.8,-327.83,369.75
-217.13,-292.69,400.56
-203.58,-302.27,400.56
-198.77,-267.95,431.38
-186.37,-276.72,431.38
-180.41,-243.2,462.19
-169.16,-251.16,462.19
-582.69,-495.68,5.6843e-14
-559.52,-521.69,5.6843e-14
-559.22,-475.71,30.812
-536.99,-500.67,30.812
-535.75,-455.75,61.625
-514.45,-479.66,61.625
-512.28,-435.79,92.438
-491.92,-458.65,92.438
-488.81,-415.82,123.25
-469.38,-437.64,123.25
-465.34,-395.86,154.06
-446.84,-416.62,154.06
-441.87,-375.89,184.88
-424.31,-395.61,184.88
-418.4,-355.93,215.69
-401.77,-374.6,215.69
-394.93,-335.96,246.5
-379.23,-353.59,246.5
-371.46,-316,277.31
-356.7,-332.58,277.31
-347.99,-296.03,308.12
-334.16,-311.56,308.12
-324.53,-276.07,338.94
-311.62,-290.55,338.94
-301.06,-256.1,369.75
-289.09,-269.54,369.75
-277.59,-236.14,400.56
-266.55,-248.53,400.56
-254.12,-216.17,431.38
-244.01,-227.51,431.38
-230.65,-196.21,462.19
-221.48,-206.5,462.19
-679.53,-351.38,5.6843e-14
-662.83,-381.95,5.6843e-14
-652.16,-337.23,30.812
-636.13,-366.56,30.812
-624.79,-323.08,61.625
-609.43,-351.18,61.625
-597.42,-308.92,92.438
-582.74,-335.8,92.438
-570.05,-294.77,123.25
-556.04,-320.41,123.25
-542.68,-280.62,154.06
-529.34,-305.03,154.06
-515.31,-266.47,184.88
-502.64,-289.64,184.88
-487.94,-252.31,215.69
-475.95,-274.26,215.69
-460.57,-238.16,246.5
-449.25,-258.88,246.5
-433.2,-224.01,277.31
-422.55,-243.49,277.31
-405.83,-209.85,308.12
-395.86,-228.11,308.12
-378.46,-195.7,338.94
-369.16,-212.72,338.94
-351.09,-181.55,369.75
-342.46,-197.34,369.75
-323.72,-167.4,400.56
-315.76,-181.96,400.56
-296.35,-153.24,431.38
-289.07,-166.57,431.38
-268.98,-139.09,462.19
-262.37,-151.19,462.19
-708.66,-288.14,5.6843e-14
-694.81,-320.09,5.6843e-14
-680.12,-276.53,30.812
-666.83,-307.2,30.812
-651.58,-264.92,61.625
-638.84,-294.31,61.625
-623.03,-253.32,92.438
-610.86,-281.41,92.438
-594.49,-241.71,123.25
-582.87,-268.52,123.25
-565.95,-230.11,154.06
-554.89,-255.63,154.06
-537.4,-218.5,184.88
-526.9,-242.74,184.88
-508.86,-206.9,215.69
-498.92,-229.84,215.69
-480.32,-195.29,246.5
-470.93,-216.95,246.5
-451.77,-183.69,277.31
-442.94,-204.06,277.31
-423.23,-172.08,308.12
-414.96,-191.17,308.12
-394.69,-160.48,338.94
-386.97,-178.27,338.94
-366.14,-148.87,369.75
-358.99,-165.38,369.75
-337.6,-137.26,400.56
-331,-152.49,400.56
-309.06,-125.66,431.38
-303.02,-139.6,431.38
-280.51,-114.05,462.19
-275.03,-126.7,462.19
-741.3,-188.96,5.6843e-14
-731.93,-222.5,5.6843e-14
-711.44,-181.34,30.812
-702.45,-213.54,30.812
-681.58,-173.73,61.625
-672.97,-204.58,61.625
-651.72,-166.12,92.438
-643.49,-195.61,92.438
-621.87,-158.51,123.25
-614.01,-186.65,123.25
-592.01,-150.9,154.06
-584.53,-177.69,154.06
-562.15,-143.29,184.88
-555.05,-168.73,184.88
-532.29,-135.68,215.69
-525.57,-159.77,215.69
-502.43,-128.07,246.5
-496.08,-150.8,246.5
-472.58,-120.46,277.31
-466.6,-141.84,277.31
-442.72,-112.85,308.12
-437.12,-132.88,308.12
-412.86,-105.24,338.94
-407.64,-123.92,338.94
-383,-97.627,369.75
-378.16,-114.96,369.75
-353.15,-90.016,400.56
-348.68,-106,400.56
-323.29,-82.405,431.38
-319.2,-97.034,431.38
-293.43,-74.795,462.19
-289.72,-88.073,462.19
-755.41,-120.76,5.6843e-14
-749.13,-155.02,5.6843e-14
-724.98,-115.9,30.812
-718.96,-148.78,30.812
-694.56,-111.03,61.625
-688.78,-142.53,61.625
-664.13,-106.17,92.438
-658.61,-136.29,92.438
-633.7,-101.31,123.25
-628.44,-130.04,123.25
-603.28,-96.442,154.06
-598.26,-123.8,154.06
-572.85,-91.578,184.88
-568.09,-117.56,184.88
-542.42,-86.714,215.69
-537.92,-111.31,215.69
-512,-81.85,246.5
-507.74,-105.07,246.5
-481.57,-76.986,277.31
-477.57,-98.825,277.31
-451.15,-72.122,308.12
-447.4,-92.581,308.12
-420.72,-67.258,338.94
-417.22,-86.337,338.94
-390.29,-62.394,369.75
-387.05,-80.093,369.75
-359.87,-57.53,400.56
-356.88,-73.85,400.56
-329.44,-52.666,431.38
-326.7,-67.606,431.38
-299.02,-47.802,462.19
-296.53,-61.362,462.19
-764.82,-16.776,5.6843e-14
-763.26,-51.569,5.6843e-14
-734.01,-16.101,30.812
-732.52,-49.492,30.812
-703.21,-15.425,61.625
-701.78,-47.415,61.625
-672.4,-14.749,92.438
-671.03,-45.338,92.438
-641.6,-14.073,123.25
-640.29,-43.261,123.25
-610.79,-13.398,154.06
-609.55,-41.184,154.06
-579.99,-12.722,184.88
-578.81,-39.107,184.88
-549.18,-12.046,215.69
-548.06,-37.03,215.69
-518.38,-11.371,246.5
-517.32,-34.952,246.5
-487.57,-10.695,277.31
-486.58,-32.875,277.31
-456.77,-10.019,308.12
-455.84,-30.798,308.12
-425.96,-9.3435,338.94
-425.09,-28.721,338.94
-395.15,-8.6678,369.75
-394.35,-26.644,369.75
-364.35,-7.992,400.56
-363.61,-24.567,400.56
-333.54,-7.3163,431.38
-332.87,-22.49,431.38
-302.74,-6.6406,462.19
-302.12,-20.413,462.19
-763.17,52.842,5.6843e-14
-764.79,18.051,5.6843e-14
-732.43,50.713,30.812
-733.98,17.324,30.812
-701.7,48.585,61.625
-703.18,16.597,61.625
-670.96,46.457,92.438
-672.38,15.87,92.438
-640.22,44.328,123.25
-641.57,15.143,123.25
-609.48,42.2,154.06
-610.77,14.416,154.06
-578.74,40.072,184.88
-579.96,13.689,184.88
-548,37.943,215.69
-549.16,12.962,215.69
-517.26,35.815,246.5
-518.36,12.235,246.5
-486.52,33.687,277.31
-487.55,11.508,277.31
-455.78,31.558,308.12
-456.75,10.781,308.12
-425.04,29.43,338.94
-425.94,10.054,338.94
-394.31,27.302,369.75
-395.14,9.3265,369.75
-363.57,25.173,400.56
-364.34,8.5995,400.56
-332.83,23.045,431.38
-333.53,7.8724,431.38
-302.09,20.916,462.19
-302.73,7.1453,462.19
-748.87,156.27,5.6843e-14
-755.21,122.02,5.6843e-14
-718.71,149.97,30.812
-724.79,117.11,30.812
-688.54,143.68,61.625
-694.37,112.19,61.625
-658.38,137.39,92.438
-663.95,107.28,92.438
-628.22,131.09,123.25
-633.53,102.36,123.25
-598.06,124.8,154.06
-603.12,97.448,154.06
-567.89,118.5,184.88
-572.7,92.533,184.88
-537.73,112.21,215.69
-542.28,87.618,215.69
-507.57,105.92,246.5
-511.86,82.704,246.5
-477.4,99.621,277.31
-481.44,77.789,277.31
-447.24,93.327,308.12
-451.03,72.874,308.12
-417.08,87.033,338.94
-420.61,67.959,338.94
-386.92,80.739,369.75
-390.19,63.045,369.75
-356.75,74.444,400.56
-359.77,58.13,400.56
-326.59,68.15,431.38
-329.35,53.215,431.38
-296.43,61.856,462.19
-298.94,48.3,462.19
-731.56,223.72,5.6843e-14
-740.98,190.19,5.6843e-14
-702.09,214.71,30.812
-711.14,182.53,30.812
-672.63,205.7,61.625
-681.29,174.87,61.625
-643.16,196.69,92.438
-651.45,167.21,92.438
-613.69,187.68,123.25
-621.6,159.55,123.25
-584.23,178.66,154.06
-591.76,151.89,154.06
-554.76,169.65,184.88
-561.91,144.23,184.88
-525.3,160.64,215.69
-532.07,136.57,215.69
-495.83,151.63,246.5
-502.22,128.91,246.5
-466.37,142.62,277.31
-472.38,121.25,277.31
-436.9,133.61,308.12
-442.53,113.59,308.12
-407.44,124.6,338.94
-412.69,105.93,338.94
-377.97,115.59,369.75
-382.84,98.265,369.75
-348.51,106.58,400.56
-352.99,90.605,400.56
-319.04,97.566,431.38
-323.15,82.944,431.38
-289.57,88.555,462.19
-293.3,75.284,462.19
-694.28,321.25,5.6843e-14
-708.18,289.32,5.6843e-14
-666.32,308.31,30.812
-679.66,277.66,30.812
-638.35,295.37,61.625
-651.13,266.01,61.625
-610.39,282.43,92.438
-622.61,254.36,92.438
-582.42,269.49,123.25
-594.09,242.7,123.25
-554.46,256.55,154.06
-565.56,231.05,154.06
-526.5,243.61,184.88
-537.04,219.4,184.88
-498.53,230.67,215.69
-508.51,207.75,215.69
-470.57,217.74,246.5
-479.99,196.09,246.5
-442.6,204.8,277.31
-451.47,184.44,277.31
-414.64,191.86,308.12
-422.94,172.79,308.12
-386.68,178.92,338.94
-394.42,161.13,338.94
-358.71,165.98,369.75
-365.89,149.48,369.75
-330.75,153.04,400.56
-337.37,137.83,400.56
-302.78,140.1,431.38
-308.85,126.17,431.38
-274.82,127.16,462.19
-280.32,114.52,462.19
-662.19,383.05,5.6843e-14
-678.94,352.52,5.6843e-14
-635.52,367.62,30.812
-651.59,338.32,30.812
-608.85,352.2,61.625
-624.25,324.12,61.625
-582.18,336.77,92.438
-596.9,309.92,92.438
-555.5,321.34,123.25
-569.55,295.72,123.25
-528.83,305.91,154.06
-542.21,281.52,154.06
-502.16,290.48,184.88
-514.86,267.32,184.88
-475.49,275.05,215.69
-487.52,253.13,215.69
-448.82,259.62,246.5
-460.17,238.93,246.5
-422.15,244.2,277.31
-432.82,224.73,277.31
-395.47,228.77,308.12
-405.48,210.53,308.12
-368.8,213.34,338.94
-378.13,196.33,338.94
-342.13,197.91,369.75
-350.78,182.13,369.75
-315.46,182.48,400.56
-323.44,167.93,400.56
-288.79,167.05,431.38
-296.09,153.74,431.38
-262.12,151.62,462.19
-268.75,139.54,462.19
-603.86,469.65,5.6843e-14
-624.61,441.68,5.6843e-14
-579.54,450.74,30.812
-599.46,423.89,30.812
-555.22,431.82,61.625
-574.3,406.1,61.625
-530.9,412.9,92.438
-549.14,388.31,92.438
-506.57,393.99,123.25
-523.98,370.52,123.25
-482.25,375.07,154.06
-498.82,352.73,154.06
-457.93,356.15,184.88
-473.67,334.94,184.88
-433.61,337.24,215.69
-448.51,317.15,215.69
-409.29,318.32,246.5
-423.35,299.36,246.5
-384.96,299.4,277.31
-398.19,281.57,277.31
-360.64,280.49,308.12
-373.03,263.78,308.12
-336.32,261.57,338.94
-347.88,245.99,338.94
-312,242.65,369.75
-322.72,228.2,369.75
-287.67,223.74,400.56
-297.56,210.41,400.56
-263.35,204.82,431.38
-272.4,192.62,431.38
-239.03,185.9,462.19
-247.24,174.83,462.19
-558.65,522.62,5.6843e-14
-581.86,496.65,5.6843e-14
-536.15,501.57,30.812
-558.43,476.65,30.812
-513.65,480.52,61.625
-534.99,456.64,61.625
-491.15,459.47,92.438
-511.55,436.64,92.438
-468.65,438.42,123.25
-488.12,416.63,123.25
-446.15,417.37,154.06
-464.68,396.63,154.06
-423.65,396.32,184.88
-441.25,376.63,184.88
-401.14,375.27,215.69
-417.81,356.62,215.69
-378.64,354.22,246.5
-394.37,336.62,246.5
-356.14,333.17,277.31
-370.94,316.61,277.31
-333.64,312.12,308.12
-347.5,296.61,308.12
-311.14,291.07,338.94
-324.06,276.61,338.94
-288.64,270.02,369.75
-300.63,256.6,369.75
-266.14,248.97,400.56
-277.19,236.6,400.56
-243.64,227.92,431.38
-253.76,216.59,431.38
-221.13,206.87,462.19
-230.32,196.59,462.19
-426.29,635.22,5.6843e-14
-454.76,615.16,5.6843e-14
-409.12,609.63,30.812
-436.44,590.38,30.812
-391.95,584.05,61.625
-418.13,565.6,61.625
-374.78,558.46,92.438
-399.81,540.83,92.438
-357.61,532.88,123.25
-381.49,516.05,123.25
-340.44,507.29,154.06
-363.18,491.27,154.06
-323.27,481.71,184.88
-344.86,466.49,184.88
-306.1,456.12,215.69
-326.54,441.72,215.69
-288.93,430.54,246.5
-308.23,416.94,246.5
-271.76,404.95,277.31
-289.91,392.16,277.31
-254.59,379.37,308.12
-271.59,367.39,308.12
-237.42,353.78,338.94
-253.28,342.61,338.94
-220.25,328.2,369.75
-234.96,317.83,369.75
-203.08,302.61,400.56
-216.64,293.05,400.56
-185.91,277.03,431.38
-198.33,268.28,431.38
-168.74,251.44,462.19
-180.01,243.5,462.19
-253.05,416.9,277.31
-231.7,424.12,281.71
-269.03,443.24,246.5
-248.58,455.03,246.5
-285.02,469.58,215.69
231.7,-424.12,281.71
214.09,-438.18,277.31
248.58,-455.03,246.5
227.61,-465.87,246.5
241.14,-493.55,215.69
335.82,-687.35,5.6843e-14
322.3,-659.66,30.812
308.77,-631.98,61.625
295.25,-604.29,92.438
281.72,-576.61,123.25
268.19,-548.92,154.06
254.67,-521.24,184.88
200.56,-410.5,308.12
187.04,-382.81,338.94
173.51,-355.13,369.75
159.98,-327.44,400.56
146.46,-299.76,431.38
132.93,-272.08,462.19
172.03,-745.41,5.6843e-14
165.1,-715.38,30.812
158.17,-685.36,61.625
151.24,-655.34,92.438
144.32,-625.31,123.25
137.39,-595.29,154.06
130.46,-565.27,184.88
123.53,-535.24,215.69
116.6,-505.22,246.5
109.67,-475.2,277.31
102.74,-445.17,308.12
95.812,-415.15,338.94
88.883,-385.13,369.75
81.954,-355.1,400.56
75.025,-325.08,431.38
68.096,-295.06,462.19
-0.63771,-765,5.6843e-14
-0.61203,-734.19,30.812
-0.58634,-703.37,61.625
-0.56066,-672.56,92.438
-0.53497,-641.75,123.25
-0.50928,-610.94,154.06
-0.4836,-580.12,184.88
-0.45791,-549.31,215.69
-0.43223,-518.5,246.5
-0.40654,-487.69,277.31
-0.38086,-456.87,308.12
-0.35517,-426.06,338.94
-0.32948,-395.25,369.75
-0.3038,-364.44,400.56
-0.27811,-333.62,431.38
-0.25243,-302.81,462.19
-173.27,-745.12,5.6843e-14
-166.3,-715.11,30.812
-159.32,-685.09,61.625
-152.34,-655.08,92.438
-145.36,-625.07,123.25
-138.38,-595.06,154.06
-131.4,-565.05,184.88
-124.42,-535.04,215.69
-117.44,-505.02,246.5
-110.46,-475.01,277.31
-103.48,-445,308.12
-96.504,-414.99,338.94
-89.525,-384.98,369.75
-82.546,-354.97,400.56
-75.567,-324.95,431.38
-68.588,-294.94,462.19
-336.97,-686.79,5.6843e-14
-323.4,-659.12,30.812
-309.82,-631.46,61.625
-296.25,-603.8,92.438
-282.68,-576.14,123.25
-269.11,-548.48,154.06
-255.54,-520.81,184.88
-241.96,-493.15,215.69
-228.39,-465.49,246.5
-214.82,-437.83,277.31
-201.25,-410.16,308.12
-187.67,-382.5,338.94
-174.1,-354.84,369.75
-160.53,-327.18,400.56
-146.96,-299.52,431.38
-133.38,-271.85,462.19
-483.28,-593.02,5.6843e-14
-463.81,-569.13,30.812
-444.35,-545.25,61.625
-424.88,-521.36,92.438
-405.42,-497.47,123.25
-385.95,-473.59,154.06
-366.48,-449.7,184.88
-347.02,-425.82,215.69
-327.55,-401.93,246.5
-308.09,-378.05,277.31
-288.62,-354.16,308.12
-269.16,-330.28,338.94
-249.69,-306.39,369.75
-230.23,-282.51,400.56
-210.76,-258.62,431.38
-191.3,-234.74,462.19
-509.77,-570.41,5.6843e-14
-489.23,-547.43,30.812
-468.7,-524.46,61.625
-448.17,-501.48,92.438
-427.64,-478.51,123.25
-407.11,-455.53,154.06
-386.57,-432.56,184.88
-366.04,-409.58,215.69
-345.51,-386.61,246.5
-324.98,-363.63,277.31
-304.44,-340.66,308.12
-283.91,-317.68,338.94
-263.38,-294.71,369.75
-242.85,-271.73,400.56
-222.32,-248.76,431.38
-201.78,-225.79,462.19
-535.2,-546.61,5.6843e-14
-513.64,-524.6,30.812
-492.09,-502.58,61.625
-470.53,-480.56,92.438
-448.97,-458.55,123.25
-427.42,-436.53,154.06
-405.86,-414.51,184.88
-384.3,-392.5,215.69
-362.75,-370.48,246.5
-341.19,-348.47,277.31
-319.63,-326.45,308.12
-298.08,-304.43,338.94
-276.52,-282.42,369.75
-254.96,-260.4,400.56
-233.41,-238.38,431.38
-211.85,-216.37,462.19
-604.65,-468.65,5.6843e-14
-580.29,-449.77,30.812
-555.94,-430.89,61.625
-531.58,-412.02,92.438
-507.23,-393.14,123.25
-482.88,-374.27,154.06
-458.52,-355.39,184.88
-434.17,-336.51,215.69
-409.82,-317.64,246.5
-385.46,-298.76,277.31
-361.11,-279.89,308.12
-336.75,-261.01,338.94
-312.4,-242.13,369.75
-288.05,-223.26,400.56
-263.69,-204.38,431.38
-239.34,-185.51,462.19
-625.35,-440.64,5.6843e-14
-600.16,-422.89,30.812
-574.97,-405.14,61.625
-549.79,-387.4,92.438
-524.6,-369.65,123.25
-499.41,-351.9,154.06
-474.22,-334.15,184.88
-449.04,-316.4,215.69
-423.85,-298.66,246.5
-398.66,-280.91,277.31
-373.47,-263.16,308.12
-348.28,-245.41,338.94
-323.1,-227.66,369.75
-297.91,-209.92,400.56
-272.72,-192.17,431.38
-247.53,-174.42,462.19
-644.76,-411.72,5.6843e-14
-618.79,-395.14,30.812
-592.82,-378.55,61.625
-566.85,-361.97,92.438
-540.88,-345.39,123.25
-514.91,-328.8,154.06
-488.94,-312.22,184.88
-462.97,-295.64,215.69
-437,-279.05,246.5
-411.03,-262.47,277.31
-385.06,-245.89,308.12
-359.09,-229.31,338.94
-333.12,-212.72,369.75
-307.16,-196.14,400.56
-281.19,-179.56,431.38
-255.22,-162.97,462.19
-721.04,-255.58,5.6843e-14
-692,-245.29,30.812
-662.96,-234.99,61.625
-633.92,-224.7,92.438
-604.87,-214.4,123.25
-575.83,-204.11,154.06
-546.79,-193.82,184.88
-517.75,-183.52,215.69
-488.71,-173.23,246.5
-459.66,-162.93,277.31
-430.62,-152.64,308.12
-401.58,-142.34,338.94
-372.54,-132.05,369.75
-343.5,-121.76,400.56
-314.45,-111.46,431.38
-285.41,-101.17,462.19
-760.12,-86.255,5.6843e-14
-729.51,-82.781,30.812
-698.89,-79.307,61.625
-668.27,-75.833,92.438
-637.66,-72.359,123.25
-607.04,-68.884,154.06
-576.43,-65.41,184.88
-545.81,-61.936,215.69
-515.19,-58.462,246.5
-484.58,-54.988,277.31
-453.96,-51.514,308.12
-423.35,-48.039,338.94
-392.73,-44.565,369.75
-362.11,-41.091,400.56
-331.5,-37.617,431.38
-300.88,-34.143,462.19
-759.98,87.522,5.6843e-14
-729.37,83.997,30.812
-698.76,80.472,61.625
-668.15,76.947,92.438
-637.54,73.422,123.25
-606.93,69.896,154.06
-576.32,66.371,184.88
-545.71,62.846,215.69
-515.1,59.321,246.5
-484.49,55.796,277.31
-453.88,52.27,308.12
-423.26,48.745,338.94
-392.65,45.22,369.75
-362.04,41.695,400.56
-331.43,38.169,431.38
-300.82,34.644,462.19
-720.62,256.78,5.6843e-14
-691.59,246.44,30.812
-662.57,236.1,61.625
-633.54,225.76,92.438
-604.52,215.41,123.25
-575.49,205.07,154.06
-546.47,194.73,184.88
-517.44,184.38,215.69
-488.42,174.04,246.5
-459.39,163.7,277.31
-430.37,153.36,308.12
-401.34,143.01,338.94
-372.32,132.67,369.75
-343.29,122.33,400.56
-314.27,111.99,431.38
-285.24,101.64,462.19
-644.07,412.79,5.6843e-14
-618.13,396.17,30.812
-592.19,379.54,61.625
-566.24,362.92,92.438
-540.3,346.29,123.25
-514.36,329.66,154.06
-488.42,313.04,184.88
-462.48,296.41,215.69
-436.54,279.78,246.5
-410.59,263.16,277.31
-384.65,246.53,308.12
-358.71,229.9,338.94
-332.77,213.28,369.75
-306.83,196.65,400.56
-280.89,180.02,431.38
-254.94,163.4,462.19
-534.29,547.5,5.6843e-14
-512.77,525.45,30.812
-491.25,503.4,61.625
-469.73,481.35,92.438
-448.21,459.3,123.25
-426.69,437.24,154.06
-405.17,415.19,184.88
-383.65,393.14,215.69
-362.13,371.09,246.5
-340.61,349.03,277.31
-319.09,326.98,308.12
-297.57,304.93,338.94
-276.05,282.88,369.75
-254.53,260.83,400.56
-233.01,238.77,431.38
-211.49,216.72,462.19
-508.82,571.25,5.6843e-14
-488.32,548.25,30.812
-467.83,525.24,61.625
-447.33,502.23,92.438
-426.84,479.22,123.25
-406.35,456.21,154.06
-385.85,433.2,184.88
-365.36,410.19,215.69
-344.86,387.18,246.5
-324.37,364.17,277.31
-303.88,341.17,308.12
-283.38,318.16,338.94
-262.89,295.15,369.75
-242.39,272.14,400.56
-221.9,249.13,431.38
-201.41,226.12,462.19
-482.29,593.82,5.6843e-14
-462.86,569.9,30.812
-443.44,545.99,61.625
-424.01,522.07,92.438
-404.59,498.15,123.25
-385.16,474.23,154.06
-365.73,450.31,184.88
-346.31,426.4,215.69
-326.88,402.48,246.5
-307.46,378.56,277.31
-288.03,354.64,308.12
-268.61,330.73,338.94
-249.18,306.81,369.75
-229.76,282.89,400.56
-210.33,258.97,431.38
-190.91,235.05,462.19
-396.94,653.96,5.6843e-14
-380.95,627.62,30.812
-364.96,601.28,61.625
-348.97,574.94,92.438
-332.99,548.6,123.25
-317,522.26,154.06
-301.01,495.92,184.88
-237.06,390.56,308.12
-221.07,364.22,338.94
-205.08,337.88,369.75
-189.1,311.54,400.56
-173.11,285.2,431.38
-157.12,258.86,462.19
147.29,-269.61,457.79
-147.29,269.61,457.79
-366.76,671.35,5.6843e-14
-349.88,640.45,35.214
-333,609.54,70.429
-316.11,578.64,105.64
-299.23,547.74,140.86
-282.35,516.83,176.07
-265.46,485.93,211.29
-214.82,393.22,316.93
-197.93,362.32,352.14
-181.05,331.41,387.36
-164.17,300.51,422.57
366.76,-671.35,5.6843e-14
349.88,-640.45,35.214
333,-609.54,70.429
316.11,-578.64,105.64
299.23,-547.74,140.86
282.35,-516.83,176.07
265.46,-485.93,211.29
214.82,-393.22,316.93
197.93,-362.32,352.14
181.05,-331.41,387.36
164.17,-300.51,422.57
-616.79,370.16,0
-666.13,370.16,0
-616.79,320.81,0
-666.13,320.81,0
-616.79,271.45,0
-666.13,271.45,0
-616.79,222.1,0
-666.13,222.1,0
-616.79,172.74,0
-666.13,172.74,0
-616.79,123.39,0
-666.13,123.39,0
-616.79,74.032,0
-666.13,74.032,0
-616.79,24.677,0
-666.13,24.677,0
-616.79,-24.677,0
-666.13,-24.677,0
-616.79,-74.032,0
-666.13,-74.032,0
-616.79,-123.39,0
-666.13,-123.39,0
-616.79,-172.74,0
-666.13,-172.74,0
-616.79,-222.1,0
-666.13,-222.1,0
-616.79,-271.45,0
-666.13,-271.45,0
-616.79,-320.81,0
-666.13,-320.81,0
-616.79,-370.16,0
-666.13,-370.16,0
-616.79,-419.52,0
-370.07,616.94,0
-370.07,567.58,0
-419.42,616.94,0
-419.42,567.58,0
-370.07,518.23,0
-419.42,518.23,0
-370.07,468.87,0
-419.42,468.87,0
-370.07,419.52,0
-419.42,419.52,0
-370.07,370.16,0
-419.42,370.16,0
-370.07,320.81,0
-419.42,320.81,0
-370.07,271.45,0
-419.42,271.45,0
-370.07,222.1,0
-419.42,222.1,0
-370.07,172.74,0
-419.42,172.74,0
-370.07,123.39,0
-419.42,123.39,0
-370.07,74.032,0
-419.42,74.032,0
-370.07,24.677,0
-419.42,24.677,0
-370.07,-24.677,0
-419.42,-24.677,0
-370.07,-74.032,0
-419.42,-74.032,0
-370.07,-123.39,0
-419.42,-123.39,0
-370.07,-172.74,0
-419.42,-172.74,0
-370.07,-222.1,0
-419.42,-222.1,0
-370.07,-271.45,0
-419.42,-271.45,0
-370.07,-320.81,0
-419.42,-320.81,0
-370.07,-370.16,0
-419.42,-370.16,0
-370.07,-419.52,0
-419.42,-419.52,0
-370.07,-468.87,0
-419.42,-468.87,0
-370.07,-518.23,0
-419.42,-518.23,0
-370.07,-567.58,0
-419.42,-567.58,0
-370.07,-616.94,0
-419.42,-616.94,0
-370.07,-666.29,0
-320.73,666.29,0
-320.73,616.94,0
-370.07,666.29,0
-320.73,567.58,0
-320.73,518.23,0
-320.73,468.87,0
-320.73,419.52,0
-320.73,370.16,0
-320.73,320.81,0
-320.73,271.45,0
-320.73,222.1,0
-320.73,172.74,0
-320.73,123.39,0
-320.73,74.032,0
-320.73,24.677,0
-320.73,-24.677,0
-320.73,-74.032,0
-320.73,-123.39,0
-320.73,-172.74,0
-320.73,-222.1,0
-320.73,-271.45,0
-320.73,-320.81,0
-320.73,-370.16,0
-320.73,-419.52,0
-320.73,-468.87,0
-320.73,-518.23,0
-320.73,-567.58,0
-320.73,-616.94,0
-320.73,-666.29,0
-271.39,-666.29,0
-271.39,-616.94,0
-271.39,-567.58,0
-271.39,-518.23,0
-271.39,-468.87,0
-271.39,-419.52,0
-271.39,-370.16,0
-271.39,-320.81,0
-271.39,-271.45,0
-271.39,-222.1,0
-271.39,-172.74,0
-271.39,-123.39,0
-271.39,-74.032,0
-271.39,-24.677,0
-271.39,24.677,0
-271.39,74.032,0
-271.39,123.39,0
-271.39,172.74,0
-271.39,222.1,0
-271.39,271.45,0
-271.39,320.81,0
-271.39,370.16,0
-271.39,419.52,0
-271.39,468.87,0
-271.39,518.23,0
-271.39,567.58,0
-271.39,616.94,0
-271.39,666.29,0
-304.19,701.92,5.6843e-14
-222.04,-715.64,0
-172.7,-715.64,0
-222.04,-666.29,0
-172.7,-666.29,0
-222.04,-616.94,0
-172.7,-616.94,0
-222.04,-567.58,0
-172.7,-567.58,0
-222.04,-518.23,0
-172.7,-518.23,0
-222.04,-468.87,0
-172.7,-468.87,0
-222.04,-419.52,0
-172.7,-419.52,0
-222.04,-370.16,0
-172.7,-370.16,0
-222.04,-320.81,0
-172.7,-320.81,0
-222.04,-271.45,0
-172.7,-271.45,0
-222.04,-222.1,0
-172.7,-222.1,0
-222.04,-172.74,0
-172.7,-172.74,0
-222.04,-123.39,0
-172.7,-123.39,0
-222.04,-74.032,0
-172.7,-74.032,0
-222.04,-24.677,0
-172.7,-24.677,0
-222.04,24.677,0
-172.7,24.677,0
-222.04,74.032,0
-172.7,74.032,0
-222.04,123.39,0
-172.7,123.39,0
-222.04,172.74,0
-172.7,172.74,0
-222.04,222.1,0
-172.7,222.1,0
-222.04,271.45,0
-172.7,271.45,0
-222.04,320.81,0
-172.7,320.81,0
-222.04,370.16,0
-172.7,370.16,0
-222.04,419.52,0
-172.7,419.52,0
-222.04,468.87,0
-172.7,468.87,0
-222.04,518.23,0
-172.7,518.23,0
-222.04,567.58,0
-172.7,567.58,0
-222.04,616.94,0
-172.7,616.94,0
-222.04,666.29,0
-172.7,666.29,0
-222.04,715.64,0
-172.7,715.64,0
-205.78,736.8,5.6843e-14
222.04,-715.64,0
271.39,-666.29,0
222.04,-666.29,0
320.73,-666.29,0
370.07,-666.29,0
320.73,-616.94,0
370.07,-616.94,0
320.73,-567.58,0
370.07,-567.58,0
320.73,-518.23,0
370.07,-518.23,0
320.73,-468.87,0
370.07,-468.87,0
320.73,-419.52,0
370.07,-419.52,0
320.73,-370.16,0
370.07,-370.16,0
320.73,-320.81,0
370.07,-320.81,0
320.73,-271.45,0
370.07,-271.45,0
320.73,-222.1,0
370.07,-222.1,0
320.73,-172.74,0
370.07,-172.74,0
320.73,-123.39,0
370.07,-123.39,0
320.73,-74.032,0
370.07,-74.032,0
320.73,-24.677,0
370.07,-24.677,0
320.73,24.677,0
370.07,24.677,0
320.73,74.032,0
370.07,74.032,0
320.73,123.39,0
370.07,123.39,0
320.73,172.74,0
370.07,172.74,0
320.73,222.1,0
370.07,222.1,0
320.73,271.45,0
370.07,271.45,0
320.73,320.81,0
370.07,320.81,0
320.73,370.16,0
370.07,370.16,0
320.73,419.52,0
370.07,419.52,0
320.73,468.87,0
370.07,468.87,0
320.73,518.23,0
370.07,518.23,0
320.73,567.58,0
370.07,567.58,0
320.73,616.94,0
370.07,616.94,0
320.73,666.29,0
370.07,666.29,0
367.88,670.74,5.6843e-14
-715.47,222.1,0
-715.47,172.74,0
-715.47,123.39,0
-715.47,74.032,0
-715.47,24.677,0
-715.47,-24.677,0
-715.47,-74.032,0
-715.47,-123.39,0
-715.47,-172.74,0
-715.47,-222.1,0
-567.44,419.52,0
-567.44,370.16,0
-616.79,419.52,0
-567.44,320.81,0
-567.44,271.45,0
-567.44,222.1,0
-567.44,172.74,0
-567.44,123.39,0
-567.44,74.032,0
-567.44,24.677,0
-567.44,-24.677,0
-567.44,-74.032,0
-567.44,-123.39,0
-567.44,-172.74,0
-567.44,-222.1,0
-567.44,-271.45,0
-567.44,-320.81,0
-567.44,-370.16,0
-567.44,-419.52,0
-567.44,-468.87,0
-518.1,468.87,0
-518.1,419.52,0
-567.44,468.87,0
-518.1,370.16,0
-518.1,320.81,0
-518.1,271.45,0
-518.1,222.1,0
-518.1,172.74,0
-518.1,123.39,0
-518.1,74.032,0
-518.1,24.677,0
-518.1,-24.677,0
-518.1,-74.032,0
-518.1,-123.39,0
-518.1,-172.74,0
-518.1,-222.1,0
-518.1,-271.45,0
-518.1,-320.81,0
-518.1,-370.16,0
-518.1,-419.52,0
-518.1,-468.87,0
-518.1,-518.23,0
-468.76,518.23,0
-468.76,468.87,0
-518.1,518.23,0
-468.76,419.52,0
-468.76,370.16,0
-468.76,320.81,0
-468.76,271.45,0
-468.76,222.1,0
-468.76,172.74,0
-468.76,123.39,0
-468.76,74.032,0
-468.76,24.677,0
-468.76,-24.677,0
-468.76,-74.032,0
-468.76,-123.39,0
-468.76,-172.74,0
-468.76,-222.1,0
-468.76,-271.45,0
-468.76,-320.81,0
-468.76,-370.16,0
-468.76,-419.52,0
-468.76,-468.87,0
-468.76,-518.23,0
-468.76,-567.58,0
-468.76,567.58,0
-123.36,715.64,0
-123.36,666.29,0
-123.36,616.94,0
-123.36,567.58,0
-123.36,518.23,0
-123.36,468.87,0
-123.36,419.52,0
-123.36,370.16,0
-123.36,320.81,0
-123.36,271.45,0
-123.36,222.1,0
-123.36,172.74,0
-123.36,123.39,0
-123.36,74.032,0
-123.36,24.677,0
-123.36,-24.677,0
-123.36,-74.032,0
-123.36,-123.39,0
-123.36,-172.74,0
-123.36,-222.1,0
-123.36,-271.45,0
-123.36,-320.81,0
-123.36,-370.16,0
-123.36,-419.52,0
-123.36,-468.87,0
-123.36,-518.23,0
-123.36,-567.58,0
-123.36,-616.94,0
-123.36,-666.29,0
-123.36,-715.64,0
-74.014,715.64,0
-74.014,666.29,0
-74.014,616.94,0
-74.014,567.58,0
-74.014,518.23,0
-74.014,468.87,0
-74.014,419.52,0
-74.014,370.16,0
-74.014,320.81,0
-74.014,271.45,0
-74.014,222.1,0
-74.014,172.74,0
-74.014,123.39,0
-74.014,74.032,0
-74.014,24.677,0
-74.014,-24.677,0
-74.014,-74.032,0
-74.014,-123.39,0
-74.014,-172.74,0
-74.014,-222.1,0
-74.014,-271.45,0
-74.014,-320.81,0
-74.014,-370.16,0
-74.014,-419.52,0
-74.014,-468.87,0
-74.014,-518.23,0
-74.014,-567.58,0
-74.014,-616.94,0
-74.014,-666.29,0
-74.014,-715.64,0
-24.671,715.64,0
-24.671,666.29,0
-24.671,616.94,0
-24.671,567.58,0
-24.671,518.23,0
-24.671,468.87,0
-24.671,419.52,0
-24.671,370.16,0
-24.671,320.81,0
-24.671,271.45,0
-24.671,222.1,0
-24.671,172.74,0
-24.671,123.39,0
-24.671,74.032,0
-24.671,24.677,0
-24.671,-24.677,0
-24.671,-74.032,0
-24.671,-123.39,0
-24.671,-172.74,0
-24.671,-222.1,0
-24.671,-271.45,0
-24.671,-320.81,0
-24.671,-370.16,0
-24.671,-419.52,0
-24.671,-468.87,0
-24.671,-518.23,0
-24.671,-567.58,0
-24.671,-616.94,0
-24.671,-666.29,0
-24.671,-715.64,0
24.671,715.64,0
24.671,666.29,0
24.671,616.94,0
24.671,567.58,0
24.671,518.23,0
24.671,468.87,0
24.671,419.52,0
24.671,370.16,0
24.671,320.81,0
24.671,271.45,0
24.671,222.1,0
24.671,172.74,0
24.671,123.39,0
24.671,74.032,0
24.671,24.677,0
24.671,-24.677,0
24.671,-74.032,0
24.671,-123.39,0
24.671,-172.74,0
24.671,-222.1,0
24.671,-271.45,0
24.671,-320.81,0
24.671,-370.16,0
24.671,-419.52,0
24.671,-468.87,0
24.671,-518.23,0
24.671,-567.58,0
24.671,-616.94,0
24.671,-666.29,0
24.671,-715.64,0
74.014,715.64,0
74.014,666.29,0
74.014,616.94,0
74.014,567.58,0
74.014,518.23,0
74.014,468.87,0
74.014,419.52,0
74.014,370.16,0
74.014,320.81,0
74.014,271.45,0
74.014,222.1,0
74.014,172.74,0
74.014,123.39,0
74.014,74.032,0
74.014,24.677,0
74.014,-24.677,0
74.014,-74.032,0
74.014,-123.39,0
74.014,-172.74,0
74.014,-222.1,0
74.014,-271.45,0
74.014,-320.81,0
74.014,-370.16,0
74.014,-419.52,0
74.014,-468.87,0
74.014,-518.23,0
74.014,-567.58,0
74.014,-616.94,0
74.014,-666.29,0
74.014,-715.64,0
123.36,715.64,0
123.36,666.29,0
123.36,616.94,0
123.36,567.58,0
123.36,518.23,0
123.36,468.87,0
123.36,419.52,0
123.36,370.16,0
123.36,320.81,0
123.36,271.45,0
123.36,222.1,0
123.36,172.74,0
123.36,123.39,0
123.36,74.032,0
123.36,24.677,0
123.36,-24.677,0
123.36,-74.032,0
123.36,-123.39,0
123.36,-172.74,0
123.36,-222.1,0
123.36,-271.45,0
123.36,-320.81,0
123.36,-370.16,0
123.36,-419.52,0
123.36,-468.87,0
123.36,-518.23,0
123.36,-567.58,0
123.36,-616.94,0
123.36,-666.29,0
123.36,-715.64,0
172.7,715.64,0
172.7,666.29,0
172.7,616.94,0
172.7,567.58,0
172.7,518.23,0
172.7,468.87,0
172.7,419.52,0
172.7,370.16,0
172.7,320.81,0
172.7,271.45,0
172.7,222.1,0
172.7,172.74,0
172.7,123.39,0
172.7,74.032,0
172.7,24.677,0
172.7,-24.677,0
172.7,-74.032,0
172.7,-123.39,0
172.7,-172.74,0
172.7,-222.1,0
172.7,-271.45,0
172.7,-320.81,0
172.7,-370.16,0
172.7,-419.52,0
172.7,-468.87,0
172.7,-518.23,0
172.7,-567.58,0
172.7,-616.94,0
172.7,-666.29,0
172.7,-715.64,0
222.04,715.64,0
222.04,666.29,0
222.04,616.94,0
222.04,567.58,0
222.04,518.23,0
222.04,468.87,0
222.04,419.52,0
222.04,370.16,0
222.04,320.81,0
222.04,271.45,0
222.04,222.1,0
222.04,172.74,0
222.04,123.39,0
222.04,74.032,0
222.04,24.677,0
222.04,-24.677,0
222.04,-74.032,0
222.04,-123.39,0
222.04,-172.74,0
222.04,-222.1,0
222.04,-271.45,0
222.04,-320.81,0
222.04,-370.16,0
222.04,-419.52,0
222.04,-468.87,0
222.04,-518.23,0
222.04,-567.58,0
222.04,-616.94,0
271.39,-616.94,0
271.39,-567.58,0
271.39,-518.23,0
271.39,-468.87,0
271.39,-419.52,0
271.39,-370.16,0
271.39,-320.81,0
271.39,-271.45,0
271.39,-222.1,0
271.39,-172.74,0
271.39,-123.39,0
271.39,-74.032,0
271.39,-24.677,0
271.39,24.677,0
271.39,74.032,0
271.39,123.39,0
271.39,172.74,0
271.39,222.1,0
271.39,271.45,0
271.39,320.81,0
271.39,370.16,0
271.39,419.52,0
271.39,468.87,0
271.39,518.23,0
271.39,567.58,0
271.39,616.94,0
271.39,666.29,0
240.31,726.27,5.6843e-14
419.42,616.94,0
419.42,567.58,0
419.42,518.23,0
419.42,468.87,0
419.42,419.52,0
419.42,370.16,0
419.42,320.81,0
419.42,271.45,0
419.42,222.1,0
419.42,172.74,0
419.42,123.39,0
419.42,74.032,0
419.42,24.677,0
419.42,-24.677,0
419.42,-74.032,0
419.42,-123.39,0
419.42,-172.74,0
419.42,-222.1,0
419.42,-271.45,0
419.42,-320.81,0
419.42,-370.16,0
419.42,-419.52,0
419.42,-468.87,0
419.42,-518.23,0
419.42,-567.58,0
419.42,-616.94,0
468.76,567.58,0
468.76,518.23,0
468.76,468.87,0
468.76,419.52,0
468.76,370.16,0
468.76,320.81,0
468.76,271.45,0
468.76,222.1,0
468.76,172.74,0
468.76,123.39,0
468.76,74.032,0
468.76,24.677,0
468.76,-24.677,0
468.76,-74.032,0
468.76,-123.39,0
468.76,-172.74,0
468.76,-222.1,0
468.76,-271.45,0
468.76,-320.81,0
468.76,-370.16,0
468.76,-419.52,0
468.76,-468.87,0
468.76,-518.23,0
468.76,-567.58,0
518.1,518.23,0
518.1,468.87,0
518.1,419.52,0
518.1,370.16,0
518.1,320.81,0
518.1,271.45,0
518.1,222.1,0
518.1,172.74,0
518.1,123.39,0
518.1,74.032,0
518.1,24.677,0
518.1,-24.677,0
518.1,-74.032,0
518.1,-123.39,0
518.1,-172.74,0
518.1,-222.1,0
518.1,-271.45,0
518.1,-320.81,0
518.1,-370.16,0
518.1,-419.52,0
518.1,-468.87,0
518.1,-518.23,0
567.44,468.87,0
567.44,419.52,0
567.44,370.16,0
567.44,320.81,0
567.44,271.45,0
567.44,222.1,0
567.44,172.74,0
567.44,123.39,0
567.44,74.032,0
567.44,24.677,0
567.44,-24.677,0
567.44,-74.032,0
567.44,-123.39,0
567.44,-172.74,0
567.44,-222.1,0
567.44,-271.45,0
567.44,-320.81,0
567.44,-370.16,0
567.44,-419.52,0
567.44,-468.87,0
616.79,-419.52,0
616.79,-370.16,0
616.79,-320.81,0
616.79,-271.45,0
616.79,-222.1,0
616.79,-172.74,0
616.79,-123.39,0
616.79,-74.032,0
616.79,-24.677,0
616.79,24.677,0
616.79,74.032,0
616.79,123.39,0
616.79,172.74,0
616.79,222.1,0
616.79,271.45,0
616.79,320.81,0
616.79,370.16,0
616.79,419.52,0
604.65,468.65,5.6843e-14
666.13,-370.16,0
666.13,-320.81,0
666.13,-271.45,0
666.13,-222.1,0
666.13,-172.74,0
666.13,-123.39,0
666.13,-74.032,0
666.13,-24.677,0
666.13,24.677,0
666.13,74.032,0
666.13,123.39,0
666.13,172.74,0
666.13,222.1,0
666.13,271.45,0
666.13,320.81,0
666.13,370.16,0
662.83,381.95,5.6843e-14
715.47,222.1,0
715.47,172.74,0
715.47,123.39,0
715.47,74.032,0
715.47,24.677,0
715.47,-24.677,0
715.47,-74.032,0
715.47,-123.39,0
715.47,-172.74,0
715.47,-222.1,0
678.94,-352.52,5.6843e-14
694.28,-321.25,5.6843e-14
708.18,-289.32,5.6843e-14
-335.82,687.35,5.6843e-14
603.86,-469.65,5.6843e-14
624.61,-441.68,5.6843e-14
644.07,-412.79,5.6843e-14
662.19,-383.05,5.6843e-14
-239.1,726.67,5.6843e-14
-271.93,715.04,5.6843e-14
-172.03,745.41,5.6843e-14
-103.54,757.96,5.6843e-14
-137.93,752.46,5.6843e-14
-68.93,761.89,5.6843e-14
-34.182,764.24,5.6843e-14
0.63771,765,5.6843e-14
35.456,764.18,5.6843e-14
70.2,761.77,5.6843e-14
104.8,757.79,5.6843e-14
139.18,752.23,5.6843e-14
173.27,745.12,5.6843e-14
207.01,736.46,5.6843e-14
273.12,714.58,5.6843e-14
305.36,701.41,5.6843e-14
336.97,686.79,5.6843e-14
396.94,-653.96,5.6843e-14
398.03,653.3,5.6843e-14
426.29,-635.22,5.6843e-14
427.35,634.51,5.6843e-14
482.29,-593.82,5.6843e-14
508.82,-571.25,5.6843e-14
454.76,-615.16,5.6843e-14
455.79,614.4,5.6843e-14
483.28,593.02,5.6843e-14
534.29,-547.5,5.6843e-14
558.65,-522.62,5.6843e-14
509.77,570.41,5.6843e-14
535.2,546.61,5.6843e-14
581.86,-496.65,5.6843e-14
559.52,521.69,5.6843e-14
582.69,495.68,5.6843e-14
625.35,440.64,5.6843e-14
679.53,351.38,5.6843e-14
720.62,-256.78,5.6843e-14
731.56,-223.72,5.6843e-14
708.66,288.14,5.6843e-14
721.04,255.58,5.6843e-14
731.93,222.5,5.6843e-14
741.3,188.96,5.6843e-14
749.13,155.02,5.6843e-14
755.41,120.76,5.6843e-14
760.12,86.255,5.6843e-14
763.26,51.569,5.6843e-14
764.82,16.776,5.6843e-14
764.79,-18.051,5.6843e-14
763.17,-52.842,5.6843e-14
759.98,-87.522,5.6843e-14
755.21,-122.02,5.6843e-14
748.87,-156.27,5.6843e-14
740.98,-190.19,5.6843e-14
644.76,411.72,5.6843e-14
694.81,320.09,5.6843e-14
-260.98,686.24,30.812
-291.94,673.65,30.812
-250.02,657.44,61.625
-279.69,645.38,61.625
-239.07,628.64,92.438
-267.44,617.11,92.438
-228.12,599.84,123.25
-255.18,588.83,123.25
-217.17,571.04,154.06
-242.93,560.56,154.06
-206.21,542.24,184.88
-230.68,532.29,184.88
-195.26,513.44,215.69
-218.43,504.02,215.69
-184.31,484.64,246.5
-206.17,475.75,246.5
-173.35,455.84,277.31
-193.92,447.47,277.31
-162.4,427.04,308.12
-181.67,419.2,308.12
-151.45,398.24,338.94
-169.42,390.93,338.94
-140.5,369.44,369.75
-157.17,362.66,369.75
-129.54,340.64,400.56
-144.91,334.39,400.56
-118.59,311.84,431.38
-132.66,306.12,431.38
-107.64,283.04,462.19
-120.41,277.84,462.19
-197.49,707.13,30.812
-229.47,697.41,30.812
-189.2,677.45,61.625
-219.84,668.14,61.625
-180.92,647.77,92.438
-210.21,638.87,92.438
-172.63,618.1,123.25
-200.58,609.6,123.25
-164.34,588.42,154.06
-190.95,580.33,154.06
-156.05,558.74,184.88
-181.32,551.06,184.88
-147.76,529.07,215.69
-171.69,521.79,215.69
-139.47,499.39,246.5
-162.06,492.52,246.5
-131.18,469.71,277.31
-152.43,463.25,277.31
-122.9,440.04,308.12
-142.8,433.99,308.12
-114.61,410.36,338.94
-133.17,404.72,338.94
-106.32,380.68,369.75
-123.54,375.45,369.75
-98.031,351.01,400.56
-113.91,346.18,400.56
-89.743,321.33,431.38
-104.28,316.91,431.38
-81.455,291.65,462.19
-94.645,287.64,462.19
-99.365,727.43,30.812
-132.37,722.16,30.812
-95.195,696.9,61.625
-126.82,691.85,61.625
-91.025,666.37,92.438
-121.26,661.54,92.438
-86.855,635.85,123.25
-115.71,631.23,123.25
-82.685,605.32,154.06
-110.15,600.93,154.06
-78.515,574.79,184.88
-104.59,570.62,184.88
-74.344,544.26,215.69
-99.039,540.31,215.69
-70.174,513.73,246.5
-93.484,510,246.5
-66.004,483.2,277.31
-87.928,479.7,277.31
-61.834,452.67,308.12
-82.373,449.39,308.12
-57.664,422.14,338.94
-76.817,419.08,338.94
-53.493,391.61,369.75
-71.262,388.77,369.75
-49.323,361.08,400.56
-65.707,358.47,400.56
-45.153,330.56,431.38
-60.151,328.16,431.38
-40.983,300.03,462.19
-54.596,297.85,462.19
-32.805,733.45,30.812
-66.154,731.2,30.812
-31.428,702.67,61.625
-63.377,700.51,61.625
-30.051,671.89,92.438
-60.601,669.83,92.438
-28.675,641.11,123.25
-57.825,639.14,123.25
-27.298,610.33,154.06
-55.048,608.45,154.06
-25.921,579.55,184.88
-52.272,577.77,184.88
-24.544,548.76,215.69
-49.496,547.08,215.69
-23.168,517.98,246.5
-46.719,516.39,246.5
-21.791,487.2,277.31
-43.943,485.7,277.31
-20.414,456.42,308.12
-41.167,455.02,308.12
-19.037,425.64,338.94
-38.39,424.33,338.94
-17.66,394.86,369.75
-35.614,393.64,369.75
-16.284,364.07,400.56
-32.838,362.96,400.56
-14.907,333.29,431.38
-30.061,332.27,431.38
-13.53,302.51,462.19
-27.285,301.58,462.19
67.373,731.09,30.812
34.028,733.4,30.812
64.545,700.41,61.625
32.6,702.62,61.625
61.718,669.72,92.438
31.171,671.84,92.438
58.89,639.04,123.25
29.743,641.06,123.25
56.063,608.36,154.06
28.315,610.28,154.06
53.235,577.68,184.88
26.887,579.5,184.88
50.408,546.99,215.69
25.459,548.72,215.69
47.58,516.31,246.5
24.031,517.94,246.5
44.753,485.63,277.31
22.603,487.16,277.31
41.925,454.95,308.12
21.175,456.38,308.12
39.098,424.26,338.94
19.747,425.6,338.94
36.27,393.58,369.75
18.319,394.83,369.75
33.443,362.9,400.56
16.891,364.05,400.56
30.615,332.22,431.38
15.463,333.27,431.38
27.788,301.53,462.19
14.035,302.49,462.19
133.58,721.93,30.812
100.58,727.27,30.812
127.97,691.64,61.625
96.357,696.74,61.625
122.36,661.34,92.438
92.136,666.22,92.438
116.76,631.04,123.25
87.915,635.7,123.25
111.15,600.74,154.06
83.694,605.18,154.06
105.55,570.44,184.88
79.473,574.66,184.88
99.94,540.14,215.69
75.252,544.13,215.69
94.334,509.85,246.5
71.031,513.61,246.5
88.728,479.55,277.31
66.81,483.09,277.31
83.122,449.25,308.12
62.588,452.57,308.12
77.516,418.95,338.94
58.367,422.05,338.94
71.91,388.65,369.75
54.146,391.52,369.75
66.304,358.36,400.56
49.925,361,400.56
60.698,328.06,431.38
45.704,330.48,431.38
55.092,297.76,462.19
41.483,299.96,462.19
230.63,697.02,30.812
198.67,706.8,30.812
220.96,667.77,61.625
190.33,677.13,61.625
211.28,638.52,92.438
181.99,647.47,92.438
201.6,609.26,123.25
173.66,617.81,123.25
191.92,580.01,154.06
165.32,588.14,154.06
182.24,550.76,184.88
156.98,558.48,184.88
172.56,521.51,215.69
148.64,528.82,215.69
162.88,492.25,246.5
140.31,499.16,246.5
153.2,463,277.31
131.97,469.49,277.31
143.52,433.75,308.12
123.63,439.83,308.12
133.84,404.49,338.94
115.29,410.17,338.94
124.16,375.24,369.75
106.95,380.5,369.75
114.48,345.99,400.56
98.617,350.84,400.56
104.8,316.74,431.38
90.279,321.18,431.38
95.124,287.48,462.19
81.941,291.52,462.19
293.06,673.16,30.812
262.12,685.8,30.812
280.76,644.91,61.625
251.12,657.02,61.625
268.46,616.66,92.438
240.12,628.24,92.438
256.16,588.41,123.25
229.12,599.46,123.25
243.87,560.16,154.06
218.12,570.67,154.06
231.57,531.9,184.88
207.12,541.89,184.88
219.27,503.65,215.69
196.12,513.11,215.69
206.97,475.4,246.5
185.12,484.33,246.5
194.67,447.15,277.31
174.11,455.55,277.31
182.37,418.9,308.12
163.11,426.77,308.12
170.07,390.65,338.94
152.11,397.98,338.94
157.77,362.4,369.75
141.11,369.2,369.75
145.47,334.15,400.56
130.11,340.42,400.56
133.17,305.89,431.38
119.11,311.64,431.38
120.87,277.64,462.19
108.11,282.86,462.19
381.99,626.99,30.812
353.06,643.72,30.812
365.96,600.67,61.625
338.24,616.71,61.625
349.93,574.36,92.438
323.43,589.69,92.438
333.9,548.05,123.25
308.61,562.67,123.25
317.87,521.73,154.06
293.79,535.66,154.06
301.84,495.42,184.88
278.98,508.64,184.88
285.81,469.11,215.69
264.16,481.63,215.69
269.77,442.79,246.5
249.34,454.61,246.5
253.74,416.48,277.31
234.52,427.6,277.31
237.71,390.16,308.12
219.71,400.58,308.12
221.68,363.85,338.94
204.89,373.56,338.94
205.65,337.54,369.75
190.07,346.55,369.75
189.62,311.22,400.56
175.25,319.53,400.56
173.58,284.91,431.38
160.44,292.52,431.38
157.55,258.6,462.19
145.62,265.5,462.19
437.43,589.65,30.812
410.14,608.95,30.812
419.07,564.9,61.625
392.92,583.39,61.625
400.71,540.16,92.438
375.71,557.84,92.438
382.35,515.41,123.25
358.5,532.28,123.25
363.99,490.67,154.06
341.29,506.72,154.06
345.64,465.92,184.88
324.07,481.17,184.88
327.28,441.17,215.69
306.86,455.61,215.69
308.92,416.43,246.5
289.65,430.05,246.5
290.56,391.68,277.31
272.43,404.5,277.31
272.2,366.93,308.12
255.22,378.94,308.12
253.85,342.19,338.94
238.01,353.38,338.94
235.49,317.44,369.75
220.8,327.83,369.75
217.13,292.69,400.56
203.58,302.27,400.56
198.77,267.95,431.38
186.37,276.72,431.38
180.41,243.2,462.19
169.16,251.16,462.19
559.22,475.71,30.812
536.99,500.67,30.812
535.75,455.75,61.625
514.45,479.66,61.625
512.28,435.79,92.438
491.92,458.65,92.438
488.81,415.82,123.25
469.38,437.64,123.25
465.34,395.86,154.06
446.84,416.62,154.06
441.87,375.89,184.88
424.31,395.61,184.88
418.4,355.93,215.69
401.77,374.6,215.69
394.93,335.96,246.5
379.23,353.59,246.5
371.46,316,277.31
356.7,332.58,277.31
347.99,296.03,308.12
334.16,311.56,308.12
324.53,276.07,338.94
311.62,290.55,338.94
301.06,256.1,369.75
289.09,269.54,369.75
277.59,236.14,400.56
266.55,248.53,400.56
254.12,216.17,431.38
244.01,227.51,431.38
230.65,196.21,462.19
221.48,206.5,462.19
652.16,337.23,30.812
636.13,366.56,30.812
624.79,323.08,61.625
609.43,351.18,61.625
597.42,308.92,92.438
582.74,335.8,92.438
570.05,294.77,123.25
556.04,320.41,123.25
542.68,280.62,154.06
529.34,305.03,154.06
515.31,266.47,184.88
502.64,289.64,184.88
487.94,252.31,215.69
475.95,274.26,215.69
460.57,238.16,246.5
449.25,258.88,246.5
433.2,224.01,277.31
422.55,243.49,277.31
405.83,209.85,308.12
395.86,228.11,308.12
378.46,195.7,338.94
369.16,212.72,338.94
351.09,181.55,369.75
342.46,197.34,369.75
323.72,167.4,400.56
315.76,181.96,400.56
296.35,153.24,431.38
289.07,166.57,431.38
268.98,139.09,462.19
262.37,151.19,462.19
680.12,276.53,30.812
666.83,307.2,30.812
651.58,264.92,61.625
638.84,294.31,61.625
623.03,253.32,92.438
610.86,281.41,92.438
594.49,241.71,123.25
582.87,268.52,123.25
565.95,230.11,154.06
554.89,255.63,154.06
537.4,218.5,184.88
526.9,242.74,184.88
508.86,206.9,215.69
498.92,229.84,215.69
480.32,195.29,246.5
470.93,216.95,246.5
451.77,183.69,277.31
442.94,204.06,277.31
423.23,172.08,308.12
414.96,191.17,308.12
394.69,160.48,338.94
386.97,178.27,338.94
366.14,148.87,369.75
358.99,165.38,369.75
337.6,137.26,400.56
331,152.49,400.56
309.06,125.66,431.38
303.02,139.6,431.38
280.51,114.05,462.19
275.03,126.7,462.19
711.44,181.34,30.812
702.45,213.54,30.812
681.58,173.73,61.625
672.97,204.58,61.625
651.72,166.12,92.438
643.49,195.61,92.438
621.87,158.51,123.25
614.01,186.65,123.25
592.01,150.9,154.06
584.53,177.69,154.06
562.15,143.29,184.88
555.05,168.73,184.88
532.29,135.68,215.69
525.57,159.77,215.69
502.43,128.07,246.5
496.08,150.8,246.5
472.58,120.46,277.31
466.6,141.84,277.31
442.72,112.85,308.12
437.12,132.88,308.12
412.86,105.24,338.94
407.64,123.92,338.94
383,97.627,369.75
378.16,114.96,369.75
353.15,90.016,400.56
348.68,106,400.56
323.29,82.405,431.38
319.2,97.034,431.38
293.43,74.795,462.19
289.72,88.073,462.19
724.98,115.9,30.812
718.96,148.78,30.812
694.56,111.03,61.625
688.78,142.53,61.625
664.13,106.17,92.438
658.61,136.29,92.438
633.7,101.31,123.25
628.44,130.04,123.25
603.28,96.442,154.06
598.26,123.8,154.06
572.85,91.578,184.88
568.09,117.56,184.88
542.42,86.714,215.69
537.92,111.31,215.69
512,81.85,246.5
507.74,105.07,246.5
481.57,76.986,277.31
477.57,98.825,277.31
451.15,72.122,308.12
447.4,92.581,308.12
420.72,67.258,338.94
417.22,86.337,338.94
390.29,62.394,369.75
387.05,80.093,369.75
359.87,57.53,400.56
356.88,73.85,400.56
329.44,52.666,431.38
326.7,67.606,431.38
299.02,47.802,462.19
296.53,61.362,462.19
734.01,16.101,30.812
732.52,49.492,30.812
703.21,15.425,61.625
701.78,47.415,61.625
672.4,14.749,92.438
671.03,45.338,92.438
641.6,14.073,123.25
640.29,43.261,123.25
610.79,13.398,154.06
609.55,41.184,154.06
579.99,12.722,184.88
578.81,39.107,184.88
549.18,12.046,215.69
548.06,37.03,215.69
518.38,11.371,246.5
517.32,34.952,246.5
487.57,10.695,277.31
486.58,32.875,277.31
456.77,10.019,308.12
455.84,30.798,308.12
425.96,9.3435,338.94
425.09,28.721,338.94
395.15,8.6678,369.75
394.35,26.644,369.75
364.35,7.992,400.56
363.61,24.567,400.56
333.54,7.3163,431.38
332.87,22.49,431.38
302.74,6.6406,462.19
302.12,20.413,462.19
732.43,-50.713,30.812
733.98,-17.324,30.812
701.7,-48.585,61.625
703.18,-16.597,61.625
670.96,-46.457,92.438
672.38,-15.87,92.438
640.22,-44.328,123.25
641.57,-15.143,123.25
609.48,-42.2,154.06
610.77,-14.416,154.06
578.74,-40.072,184.88
579.96,-13.689,184.88
548,-37.943,215.69
549.16,-12.962,215.69
517.26,-35.815,246.5
518.36,-12.235,246.5
486.52,-33.687,277.31
487.55,-11.508,277.31
455.78,-31.558,308.12
456.75,-10.781,308.12
425.04,-29.43,338.94
425.94,-10.054,338.94
394.31,-27.302,369.75
395.14,-9.3265,369.75
363.57,-25.173,400.56
364.34,-8.5995,400.56
332.83,-23.045,431.38
333.53,-7.8724,431.38
302.09,-20.916,462.19
302.73,-7.1453,462.19
718.71,-149.97,30.812
724.79,-117.11,30.812
688.54,-143.68,61.625
694.37,-112.19,61.625
658.38,-137.39,92.438
663.95,-107.28,92.438
628.22,-131.09,123.25
633.53,-102.36,123.25
598.06,-124.8,154.06
603.12,-97.448,154.06
567.89,-118.5,184.88
572.7,-92.533,184.88
537.73,-112.21,215.69
542.28,-87.618,215.69
507.57,-105.92,246.5
511.86,-82.704,246.5
477.4,-99.621,277.31
481.44,-77.789,277.31
447.24,-93.327,308.12
451.03,-72.874,308.12
417.08,-87.033,338.94
420.61,-67.959,338.94
386.92,-80.739,369.75
390.19,-63.045,369.75
356.75,-74.444,400.56
359.77,-58.13,400.56
326.59,-68.15,431.38
329.35,-53.215,431.38
296.43,-61.856,462.19
298.94,-48.3,462.19
702.09,-214.71,30.812
711.14,-182.53,30.812
672.63,-205.7,61.625
681.29,-174.87,61.625
643.16,-196.69,92.438
651.45,-167.21,92.438
613.69,-187.68,123.25
621.6,-159.55,123.25
584.23,-178.66,154.06
591.76,-151.89,154.06
554.76,-169.65,184.88
561.91,-144.23,184.88
525.3,-160.64,215.69
532.07,-136.57,215.69
495.83,-151.63,246.5
502.22,-128.91,246.5
466.37,-142.62,277.31
472.38,-121.25,277.31
436.9,-133.61,308.12
442.53,-113.59,308.12
407.44,-124.6,338.94
412.69,-105.93,338.94
377.97,-115.59,369.75
382.84,-98.265,369.75
348.51,-106.58,400.56
352.99,-90.605,400.56
319.04,-97.566,431.38
323.15,-82.944,431.38
289.57,-88.555,462.19
293.3,-75.284,462.19
666.32,-308.31,30.812
679.66,-277.66,30.812
638.35,-295.37,61.625
651.13,-266.01,61.625
610.39,-282.43,92.438
622.61,-254.36,92.438
582.42,-269.49,123.25
594.09,-242.7,123.25
554.46,-256.55,154.06
565.56,-231.05,154.06
526.5,-243.61,184.88
537.04,-219.4,184.88
498.53,-230.67,215.69
508.51,-207.75,215.69
470.57,-217.74,246.5
479.99,-196.09,246.5
442.6,-204.8,277.31
451.47,-184.44,277.31
414.64,-191.86,308.12
422.94,-172.79,308.12
386.68,-178.92,338.94
394.42,-161.13,338.94
358.71,-165.98,369.75
365.89,-149.48,369.75
330.75,-153.04,400.56
337.37,-137.83,400.56
302.78,-140.1,431.38
308.85,-126.17,431.38
274.82,-127.16,462.19
280.32,-114.52,462.19
635.52,-367.62,30.812
651.59,-338.32,30.812
608.85,-352.2,61.625
624.25,-324.12,61.625
582.18,-336.77,92.438
596.9,-309.92,92.438
555.5,-321.34,123.25
569.55,-295.72,123.25
528.83,-305.91,154.06
542.21,-281.52,154.06
502.16,-290.48,184.88
514.86,-267.32,184.88
475.49,-275.05,215.69
487.52,-253.13,215.69
448.82,-259.62,246.5
460.17,-238.93,246.5
422.15,-244.2,277.31
432.82,-224.73,277.31
395.47,-228.77,308.12
405.48,-210.53,308.12
368.8,-213.34,338.94
378.13,-196.33,338.94
342.13,-197.91,369.75
350.78,-182.13,369.75
315.46,-182.48,400.56
323.44,-167.93,400.56
288.79,-167.05,431.38
296.09,-153.74,431.38
262.12,-151.62,462.19
268.75,-139.54,462.19
579.54,-450.74,30.812
599.46,-423.89,30.812
555.22,-431.82,61.625
574.3,-406.1,61.625
530.9,-412.9,92.438
549.14,-388.31,92.438
506.57,-393.99,123.25
523.98,-370.52,123.25
482.25,-375.07,154.06
498.82,-352.73,154.06
457.93,-356.15,184.88
473.67,-334.94,184.88
433.61,-337.24,215.69
448.51,-317.15,215.69
409.29,-318.32,246.5
423.35,-299.36,246.5
384.96,-299.4,277.31
398.19,-281.57,277.31
360.64,-280.49,308.12
373.03,-263.78,308.12
336.32,-261.57,338.94
347.88,-245.99,338.94
312,-242.65,369.75
322.72,-228.2,369.75
287.67,-223.74,400.56
297.56,-210.41,400.56
263.35,-204.82,431.38
272.4,-192.62,431.38
239.03,-185.9,462.19
247.24,-174.83,462.19
536.15,-501.57,30.812
558.43,-476.65,30.812
513.65,-480.52,61.625
534.99,-456.64,61.625
491.15,-459.47,92.438
511.55,-436.64,92.438
468.65,-438.42,123.25
488.12,-416.63,123.25
446.15,-417.37,154.06
464.68,-396.63,154.06
423.65,-396.32,184.88
441.25,-376.63,184.88
401.14,-375.27,215.69
417.81,-356.62,215.69
378.64,-354.22,246.5
394.37,-336.62,246.5
356.14,-333.17,277.31
370.94,-316.61,277.31
333.64,-312.12,308.12
347.5,-296.61,308.12
311.14,-291.07,338.94
324.06,-276.61,338.94
288.64,-270.02,369.75
300.63,-256.6,369.75
266.14,-248.97,400.56
277.19,-236.6,400.56
243.64,-227.92,431.38
253.76,-216.59,431.38
221.13,-206.87,462.19
230.32,-196.59,462.19
409.12,-609.63,30.812
436.44,-590.38,30.812
391.95,-584.05,61.625
418.13,-565.6,61.625
374.78,-558.46,92.438
399.81,-540.83,92.438
357.61,-532.88,123.25
381.49,-516.05,123.25
340.44,-507.29,154.06
363.18,-491.27,154.06
323.27,-481.71,184.88
344.86,-466.49,184.88
306.1,-456.12,215.69
326.54,-441.72,215.69
288.93,-430.54,246.5
308.23,-416.94,246.5
271.76,-404.95,277.31
289.91,-392.16,277.31
254.59,-379.37,308.12
271.59,-367.39,308.12
237.42,-353.78,338.94
253.28,-342.61,338.94
220.25,-328.2,369.75
234.96,-317.83,369.75
203.08,-302.61,400.56
216.64,-293.05,400.56
185.91,-277.03,431.38
198.33,-268.28,431.38
168.74,-251.44,462.19
180.01,-243.5,462.19
253.05,-416.9,277.31
269.03,-443.24,246.5
285.02,-469.58,215.69
-214.09,438.18,277.31
-227.61,465.87,246.5
-241.14,493.55,215.69
-322.3,659.66,30.812
-308.77,631.98,61.625
-295.25,604.29,92.438
-281.72,576.61,123.25
-268.19,548.92,154.06
-254.67,521.24,184.88
-200.56,410.5,308.12
-187.04,382.81,338.94
-173.51,355.13,369.75
-159.98,327.44,400.56
-146.46,299.76,431.38
-132.93,272.08,462.19
-165.1,715.38,30.812
-158.17,685.36,61.625
-151.24,655.34,92.438
-144.32,625.31,123.25
-137.39,595.29,154.06
-130.46,565.27,184.88
-123.53,535.24,215.69
-116.6,505.22,246.5
-109.67,475.2,277.31
-102.74,445.17,308.12
-95.812,415.15,338.94
-88.883,385.13,369.75
-81.954,355.1,400.56
-75.025,325.08,431.38
-68.096,295.06,462.19
0.61203,734.19,30.812
0.58634,703.37,61.625
0.56066,672.56,92.438
0.53497,641.75,123.25
0.50928,610.94,154.06
0.4836,580.12,184.88
0.45791,549.31,215.69
0.43223,518.5,246.5
0.40654,487.69,277.31
0.38086,456.87,308.12
0.35517,426.06,338.94
0.32948,395.25,369.75
0.3038,364.44,400.56
0.27811,333.62,431.38
0.25243,302.81,462.19
166.3,715.11,30.812
159.32,685.09,61.625
152.34,655.08,92.438
145.36,625.07,123.25
138.38,595.06,154.06
131.4,565.05,184.88
124.42,535.04,215.69
117.44,505.02,246.5
110.46,475.01,277.31
103.48,445,308.12
96.504,414.99,338.94
89.525,384.98,369.75
82.546,354.97,400.56
75.567,324.95,431.38
68.588,294.94,462.19
323.4,659.12,30.812
309.82,631.46,61.625
296.25,603.8,92.438
282.68,576.14,123.25
269.11,548.48,154.06
255.54,520.81,184.88
241.96,493.15,215.69
228.39,465.49,246.5
214.82,437.83,277.31
201.25,410.16,308.12
187.67,382.5,338.94
174.1,354.84,369.75
160.53,327.18,400.56
146.96,299.52,431.38
133.38,271.85,462.19
463.81,569.13,30.812
444.35,545.25,61.625
424.88,521.36,92.438
405.42,497.47,123.25
385.95,473.59,154.06
366.48,449.7,184.88
347.02,425.82,215.69
327.55,401.93,246.5
308.09,378.05,277.31
288.62,354.16,308.12
269.16,330.28,338.94
249.69,306.39,369.75
230.23,282.51,400.56
210.76,258.62,431.38
191.3,234.74,462.19
489.23,547.43,30.812
468.7,524.46,61.625
448.17,501.48,92.438
427.64,478.51,123.25
407.11,455.53,154.06
386.57,432.56,184.88
366.04,409.58,215.69
345.51,386.61,246.5
324.98,363.63,277.31
304.44,340.66,308.12
283.91,317.68,338.94
263.38,294.71,369.75
242.85,271.73,400.56
222.32,248.76,431.38
201.78,225.79,462.19
513.64,524.6,30.812
492.09,502.58,61.625
470.53,480.56,92.438
448.97,458.55,123.25
427.42,436.53,154.06
405.86,414.51,184.88
384.3,392.5,215.69
362.75,370.48,246.5
341.19,348.47,277.31
319.63,326.45,308.12
298.08,304.43,338.94
276.52,282.42,369.75
254.96,260.4,400.56
233.41,238.38,431.38
211.85,216.37,462.19
580.29,449.77,30.812
555.94,430.89,61.625
531.58,412.02,92.438
507.23,393.14,123.25
482.88,374.27,154.06
458.52,355.39,184.88
434.17,336.51,215.69
409.82,317.64,246.5
385.46,298.76,277.31
361.11,279.89,308.12
336.75,261.01,338.94
312.4,242.13,369.75
288.05,223.26,400.56
263.69,204.38,431.38
239.34,185.51,462.19
600.16,422.89,30.812
574.97,405.14,61.625
549.79,387.4,92.438
524.6,369.65,123.25
499.41,351.9,154.06
474.22,334.15,184.88
449.04,316.4,215.69
423.85,298.66,246.5
398.66,280.91,277.31
373.47,263.16,308.12
348.28,245.41,338.94
323.1,227.66,369.75
297.91,209.92,400.56
272.72,192.17,431.38
247.53,174.42,462.19
618.79,395.14,30.812
592.82,378.55,61.625
566.85,361.97,92.438
540.88,345.39,123.25
514.91,328.8,154.06
488.94,312.22,184.88
462.97,295.64,215.69
437,279.05,246.5
411.03,262.47,277.31
385.06,245.89,308.12
359.09,229.31,338.94
333.12,212.72,369.75
307.16,196.14,400.56
281.19,179.56,431.38
255.22,162.97,462.19
692,245.29,30.812
662.96,234.99,61.625
633.92,224.7,92.438
604.87,214.4,123.25
575.83,204.11,154.06
546.79,193.82,184.88
517.75,183.52,215.69
488.71,173.23,246.5
459.66,162.93,277.31
430.62,152.64,308.12
401.58,142.34,338.94
372.54,132.05,369.75
343.5,121.76,400.56
314.45,111.46,431.38
285.41,101.17,462.19
729.51,82.781,30.812
698.89,79.307,61.625
668.27,75.833,92.438
637.66,72.359,123.25
607.04,68.884,154.06
576.43,65.41,184.88
545.81,61.936,215.69
515.19,58.462,246.5
484.58,54.988,277.31
453.96,51.514,308.12
423.35,48.039,338.94
392.73,44.565,369.75
362.11,41.091,400.56
331.5,37.617,431.38
300.88,34.143,462.19
729.37,-83.997,30.812
698.76,-80.472,61.625
668.15,-76.947,92.438
637.54,-73.422,123.25
606.93,-69.896,154.06
576.32,-66.371,184.88
545.71,-62.846,215.69
515.1,-59.321,246.5
484.49,-55.796,277.31
453.88,-52.27,308.12
423.26,-48.745,338.94
392.65,-45.22,369.75
362.04,-41.695,400.56
331.43,-38.169,431.38
300.82,-34.644,462.19
691.59,-246.44,30.812
662.57,-236.1,61.625
633.54,-225.76,92.438
604.52,-215.41,123.25
575.49,-205.07,154.06
546.47,-194.73,184.88
517.44,-184.38,215.69
488.42,-174.04,246.5
459.39,-163.7,277.31
430.37,-153.36,308.12
401.34,-143.01,338.94
372.32,-132.67,369.75
343.29,-122.33,400.56
314.27,-111.99,431.38
285.24,-101.64,462.19
618.13,-396.17,30.812
592.19,-379.54,61.625
566.24,-362.92,92.438
540.3,-346.29,123.25
514.36,-329.66,154.06
488.42,-313.04,184.88
462.48,-296.41,215.69
436.54,-279.78,246.5
410.59,-263.16,277.31
384.65,-246.53,308.12
358.71,-229.9,338.94
332.77,-213.28,369.75
306.83,-196.65,400.56
280.89,-180.02,431.38
254.94,-163.4,462.19
512.77,-525.45,30.812
491.25,-503.4,61.625
469.73,-481.35,92.438
448.21,-459.3,123.25
426.69,-437.24,154.06
405.17,-415.19,184.88
383.65,-393.14,215.69
362.13,-371.09,246.5
340.61,-349.03,277.31
319.09,-326.98,308.12
297.57,-304.93,338.94
276.05,-282.88,369.75
254.53,-260.83,400.56
233.01,-238.77,431.38
211.49,-216.72,462.19
488.32,-548.25,30.812
467.83,-525.24,61.625
447.33,-502.23,92.438
426.84,-479.22,123.25
406.35,-456.21,154.06
385.85,-433.2,184.88
365.36,-410.19,215.69
344.86,-387.18,246.5
324.37,-364.17,277.31
303.88,-341.17,308.12
283.38,-318.16,338.94
262.89,-295.15,369.75
242.39,-272.14,400.56
221.9,-249.13,431.38
201.41,-226.12,462.19
462.86,-569.9,30.812
443.44,-545.99,61.625
424.01,-522.07,92.438
404.59,-498.15,123.25
385.16,-474.23,154.06
365.73,-450.31,184.88
346.31,-426.4,215.69
326.88,-402.48,246.5
307.46,-378.56,277.31
288.03,-354.64,308.12
268.61,-330.73,338.94
249.18,-306.81,369.75
229.76,-282.89,400.56
210.33,-258.97,431.38
190.91,-235.05,462.19
380.95,-627.62,30.812
364.96,-601.28,61.625
348.97,-574.94,92.438
332.99,-548.6,123.25
317,-522.26,154.06
301.01,-495.92,184.88
237.06,-390.56,308.12
221.07,-364.22,338.94
205.08,-337.88,369.75
189.1,-311.54,400.56
173.11,-285.2,431.38
157.12,-258.86,462.19
