-28.823,1.5238
-28.994,1.5233
-55.026,1.5233
-57.871,1.4511
-29.084,1.523
-55.202,1.523
-58.047,1.4506
-82.694,1.4506
-86.813,1.3728
-110.02,1.3728
-115.31,1.2903
-137.12,1.2903
-143.45,1.2041
-171.18,1.1149
-29.091,1.523
-55.221,1.523
-58.059,1.4506
-82.726,1.4506
-86.827,1.3727
-110.07,1.3727
-115.32,1.2903
-137.19,1.2903
-143.47,1.204
-164.01,1.204
-171.19,1.1148
-190.47,1.1148
-216.49,1.0236
-242.02,0.93137
-251.28,0.84039
-29.015,1.5232
-55.084,1.5232
-57.906,1.4509
-28.857,1.5237
-27.364,1.5895
-27.529,1.5894
-27.615,1.5893
-27.624,1.5893
-27.554,1.5893
-27.407,1.5895
-27.181,1.5897
28.823,1.6998
28.994,1.7004
55.026,1.7004
57.871,1.7442
29.084,1.7007
55.202,1.7007
58.047,1.7447
82.694,1.7447
86.813,1.7803
110.02,1.7803
115.31,1.8071
137.12,1.8071
143.45,1.8249
171.18,1.8334
29.091,1.7007
55.221,1.7007
58.059,1.7447
82.726,1.7447
86.827,1.7804
110.07,1.7804
115.32,1.8072
137.19,1.8072
143.47,1.825
164.01,1.825
171.19,1.8336
190.47,1.8336
216.49,1.8328
242.02,1.8228
251.28,1.8039
29.015,1.7005
55.084,1.7005
57.906,1.7443
28.857,1.7
27.364,1.6484
27.529,1.6486
27.615,1.6487
27.624,1.6487
27.554,1.6486
27.407,1.6485
27.181,1.6482
-710.78,0.32747
-679.77,0.32747
-648.75,0.32747
-634.37,0.32747
-617.72,0.32746
-603.79,0.32747
-586.68,0.32747
-573.22,0.32747
-555.64,0.32747
-542.66,0.32746
-524.58,0.32747
-512.12,0.32747
-493.51,0.32747
-481.58,0.32747
-462.43,0.32747
-451.05,0.32747
-431.34,0.32746
-420.54,0.32747
-400.24,0.32747
-390.03,0.32747
-369.12,0.32746
-359.54,0.32747
-337.99,0.32747
-329.07,0.32747
-306.85,0.32747
-298.58,0.32588
710.78,1.5066
679.77,1.5066
648.75,1.5066
634.37,1.5066
617.72,1.5066
603.79,1.5066
586.68,1.5066
573.22,1.5066
555.64,1.5066
542.66,1.5066
524.58,1.5066
512.12,1.5066
493.51,1.5066
481.58,1.5066
462.43,1.5066
451.05,1.5066
431.34,1.5066
420.54,1.5066
400.24,1.5066
390.03,1.5066
369.12,1.5066
359.54,1.5066
337.99,1.5066
329.07,1.5066
306.85,1.5066
298.58,1.5051
-28.823,1.5238
-28.994,1.5233
-55.026,1.5233
-57.871,1.4511
-29.084,1.523
-55.202,1.523
-58.047,1.4506
-82.694,1.4506
-86.813,1.3728
-110.02,1.3728
-115.31,1.2903
-137.12,1.2903
-143.45,1.2041
-171.18,1.1149
-29.091,1.523
-55.221,1.523
-58.059,1.4506
-82.726,1.4506
-86.827,1.3727
-110.07,1.3727
-115.32,1.2903
-137.19,1.2903
-143.47,1.204
-164.01,1.204
-171.19,1.1148
-190.47,1.1148
-216.49,1.0236
-242.02,0.93137
-251.28,0.84039
-29.015,1.5232
-55.084,1.5232
-57.906,1.4509
-28.857,1.5237
-27.364,1.5895
-27.529,1.5894
-27.615,1.5893
-27.624,1.5893
-27.554,1.5893
-27.407,1.5895
-27.181,1.5897
28.823,1.6998
28.994,1.7004
55.026,1.7004
57.871,1.7442
29.084,1.7007
55.202,1.7007
58.047,1.7447
82.694,1.7447
86.813,1.7803
110.02,1.7803
115.31,1.8071
137.12,1.8071
143.45,1.8249
171.18,1.8334
29.091,1.7007
55.221,1.7007
58.059,1.7447
82.726,1.7447
86.827,1.7804
110.07,1.7804
115.32,1.8072
137.19,1.8072
143.47,1.825
164.01,1.825
171.19,1.8336
190.47,1.8336
216.49,1.8328
242.02,1.8228
251.28,1.8039
29.015,1.7005
55.084,1.7005
57.906,1.7443
28.857,1.7
27.364,1.6484
27.529,1.6486
27.615,1.6487
27.624,1.6487
27.554,1.6486
27.407,1.6485
27.181,1.6482
-710.78,0.32747
-679.77,0.32747
-648.75,0.32747
-634.37,0.32747
-617.72,0.32746
-603.79,0.32747
-586.68,0.32747
-573.22,0.32747
-555.64,0.32747
-542.66,0.32746
-524.58,0.32747
-512.12,0.32747
-493.51,0.32747
-481.58,0.32747
-462.43,0.32747
-451.05,0.32747
-431.34,0.32746
-420.54,0.32747
-400.24,0.32747
-390.03,0.32747
-369.12,0.32746
-359.54,0.32747
-337.99,0.32747
-329.07,0.32747
-306.85,0.32747
-298.58,0.32588
710.78,1.5066
679.77,1.5066
648.75,1.5066
634.37,1.5066
617.72,1.5066
603.79,1.5066
586.68,1.5066
573.22,1.5066
555.64,1.5066
542.66,1.5066
524.58,1.5066
512.12,1.5066
493.51,1.5066
481.58,1.5066
462.43,1.5066
451.05,1.5066
431.34,1.5066
420.54,1.5066
400.24,1.5066
390.03,1.5066
369.12,1.5066
359.54,1.5066
337.99,1.5066
329.07,1.5066
306.85,1.5066
298.58,1.5051
